1 73.64 123.58
2 73.63 123.64
3 73.68 123.58
4 73.64 123.54
5 73.49 123.73
6 73.29 123.82
7 73.15 123.73
8 73.15 123.78
9 73.12 123.88
10 72.97 124.01
11 72.82 123.97
12 72.81 123.68
13 72.52 123.24
14 72.19 123.01
15 71.77 122.69
16 71.97 122.26
17 72.21 122.5
18 72.33 122.88
19 72.15 122.62
20 72.07 122.35
21 72.1 122.25
22 72.2 122.22
23 72.23 122.23
24 72.27 122.11
25 72.22 121.99
26 72.17 121.95
27 72.2 121.97
28 72.17 121.85
29 72.13 121.88
30 72.02 121.83
31 72 121.93
32 71.99 122.07
33 71.96 121.98
34 71.95 121.88
35 71.82 121.84
36 71.82 121.86
37 71.9 121.84
38 71.93 121.77
39 71.93 121.72
40 71.88 121.73
41 71.93 121.6
42 72.02 121.58
43 72.13 121.72
44 72.15 121.84
45 72.16 121.72
46 72.17 121.68
47 72.14 122.07
48 71.99 121.95
49 72.12 121.58
50 72.33 121.69
51 72.4 122.03
52 72.4 122.17
53 73.29 123.47
54 73.22 123.13
55 72.47 122.17
56 72.33 121.96
57 72.31 122.01
58 72.33 122.09
59 72.34 122.32
60 72.33 122.51
61 72.39 122.63
62 72.4 122.65
63 72.5 122.71
64 72.47 122.53
65 72.36 122.43
66 72.29 122.22
67 72.24 122.1
68 72.28 122.16
69 72.28 122.3
70 72.15 122.3
71 72.08 122.32
72 72.08 122.31
73 72.07 122.34
74 71.98 122.57
75 72.02 122.78
76 72.05 122.81
77 72 122.79
78 72.15 122.97
79 72.13 122.9
80 72.14 122.93
81 72.17 122.89
82 72.12 122.83
83 72.22 122.76
84 72.33 122.85
85 72.28 123.04
86 72.25 123.23
87 72.25 123.23
88 72.17 123.12
89 72.19 123.15
90 72.33 123.36
91 72.33 123.52
92 72.31 123.56
93 72.37 123.63
94 72.5 123.63
95 72.46 123.75
96 72.52 123.89
97 72.54 123.96
98 72.53 123.82
99 72.57 123.61
100 72.63 123.58
101 72.58 123.75
102 72.74 123.86
103 72.8 123.91
104 72.79 123.97
105 72.87 124.04
106 73.04 124.2
107 73.1 124.37
108 73.09 124.34
109 73.07 124.39
110 73.06 124.33
111 73.01 124.36
112 72.93 124.43
113 72.77 124.23
114 72.69 124.13
115 72.49 123.84
116 72.33 123.7
117 72.28 123.53
118 72.17 123.44
119 72.17 123.36
120 72.17 123.23
121 72.25 123.39
122 72.38 123.68
123 72.39 124.02
124 72.47 124.07
125 72.53 124.13
126 72.53 124.26
127 72.56 124.31
128 72.54 124.38
129 72.71 124.42
130 72.67 124.43
131 72.74 124.49
132 72.83 124.62
133 72.97 124.85
134 73.1 125
135 73.29 125
136 73.53 125.03
137 73.73 125.16
138 73.93 125.42
139 73.96 125.47
140 73.82 125.22
141 73.72 124.87
142 73.75 124.56
143 73.78 124.64
144 73.88 124.73
145 73.83 124.75
146 73.83 124.53
147 73.69 124.32
148 73.62 124.16
149 73.62 124.03
150 73.54 123.95
151 73.53 123.97
152 73.42 123.69
153 73.36 123.36
154 73.23 123.22
155 73.2 123.13
156 73.18 122.98
157 73.07 122.94
158 72.95 122.87
159 72.96 122.99
160 73.03 123.03
161 73.03 123.15
162 73.02 123.06
163 72.9 123.08
164 72.85 123.2
165 72.86 123.33
166 72.92 123.33
167 73.05 123.63
168 73.14 123.91
169 73.28 124.07
170 73.27 124.06
171 73.37 124.15
172 73.47 124.24
173 73.45 124.42
174 73.45 124.32
175 73.48 124.23
176 73.55 124.16
177 73.58 124.14
178 73.61 124.32
179 73.63 124.32
180 73.72 124.43
181 73.75 124.47
182 73.75 124.63
183 73.78 124.7
184 73.78 124.78
185 73.96 125.14
186 74.16 124.88
187 73.78 124.2
188 73.22 123.59
189 73.09 123.09
190 73.7 124.03
191 74.48 125.14
192 74.72 125.77
193 74.48 125.73
194 74.47 125.63
195 74.56 125.84
196 74.6 126.09
197 74.47 126.08
198 74.13 125.81
199 73.81 125.67
200 73.53 125.64
201 73.35 125.76
202 73.21 125.67
203 73.13 125.74
204 73.06 125.79
205 72.9 125.67
206 72.82 125.74
207 72.87 125.82
208 72.63 125.58
209 72.32 125.11
210 72.03 124.7
211 71.94 124.71
212 71.97 124.81
213 71.91 124.9
214 71.84 124.63
215 71.81 124.67
216 71.77 124.94
217 71.88 125.13
218 72.07 125.63
219 72.21 126.11
220 72.17 126.26
221 72.08 126.18
222 71.96 126.03
223 72 126.03
224 71.99 126.16
225 71.97 126.35
226 71.93 126.38
227 71.96 126.37
228 72.12 126.58
229 72.19 127.13
230 72.28 127.37
231 72.23 127.41
232 72.27 127.45
233 72.36 127.49
234 72.33 127.66
235 72.23 127.37
236 72.22 127.53
237 72.32 127.63
238 72.38 127.8
239 72.36 127.53
240 72.4 127.28
241 72.48 127.27
242 72.53 127.33
243 72.53 127.72
244 72.47 128.06
245 72.5 127.7
246 72.44 127.67
247 72.54 127.42
248 72.63 127.34
249 72.33 127.56
250 72.33 127.85
251 72.74 128.18
252 72.68 128.73
253 72.68 129.29
254 72.87 129.61
255 72.96 129.91
256 73.03 130.14
257 72.97 130.14
258 73.05 130.02
259 72.95 129.75
260 72.97 129.55
261 72.99 129.4
262 73.04 129.63
263 73.07 129.99
264 73.15 130.18
265 73.21 130.46
266 73.14 130.43
267 73.12 130.66
268 73.04 130.89
269 72.82 130.94
270 72.78 130.67
271 72.73 130.06
272 72.62 129.64
273 72.43 129.46
274 72.35 129.39
275 72.43 129.27
276 72.45 129.3
277 72.41 128.82
278 72.37 127.97
279 72.33 127.39
280 72.28 126.82
281 72.38 126.5
282 72.49 126.49
283 72.5 126.58
284 72.52 126.56
285 72.57 126.44
286 72.59 126.41
287 72.62 126.47
288 72.7 126.53
289 72.73 126.69
290 72.7 127.23
291 72.75 127.67
292 72.53 127.6
293 72.52 127.68
294 72.46 127.17
295 72.42 126.97
296 72.6 127.18
297 72.5 126.97
298 72.55 126.85
299 72.39 126.51
300 72.3 126.28
301 72.22 126.38
302 72.15 126.36
303 72.12 126.38
304 72.09 126.27
305 72 125.44
306 72.02 124.79
307 72.1 124.52
308 72.28 124.36
309 72.33 124.47
310 72.35 124.52
311 72.46 124.98
312 72.52 125.69
313 72.52 125.89
314 72.51 126.04
315 72.47 126.13
316 72.44 126.32
317 72.47 126.53
318 72.55 126.4
319 72.52 126.38
320 72.3 125.82
321 72.21 125.64
322 72.14 125.83
323 72.09 126.26
324 72.15 126.76
325 72.17 126.7
326 72.32 126.88
327 72.28 127.29
328 72.3 127.05
329 72.33 126.47
330 72.38 126.3
331 72.44 126.28
332 72.55 126.32
333 72.58 126.51
334 72.6 126.53
335 72.6 126.63
336 72.53 126.64
337 72.58 126.5
338 72.57 126.43
339 72.67 126.52
340 72.69 126.66
341 72.71 126.73
342 72.75 126.74
343 72.75 126.95
344 72.88 127.17
345 72.88 127.16
346 72.82 127.02
347 72.86 126.99
348 73.1 127.17
349 73.3 127.88
350 73.25 128.32
351 73.13 128.19
352 72.87 127.85
353 72.77 127.69
354 72.74 127.78
355 72.76 127.79
356 72.84 127.48
357 72.83 127.09
358 72.83 126.84
359 72.79 126.88
360 72.7 126.83
361 72.69 126.76
362 72.58 126.7
363 72.6 126.83
364 72.61 126.71
365 72.52 126.53
366 72.47 126.52
367 72.4 126.32
368 72.4 126.04
369 72.38 125.85
370 72.33 125.75
371 72.39 125.88
372 72.45 125.88
373 72.45 125.82
374 72.49 125.83
375 72.47 125.82
376 72.51 125.75
377 72.54 125.67
378 72.55 125.77
379 72.56 126.01
380 72.5 126.09
381 72.53 125.82
382 72.55 125.65
383 72.54 125.59
384 72.61 125.54
385 72.67 125.63
386 72.74 125.83
387 72.77 125.94
388 72.66 125.87
389 72.54 125.5
390 72.51 125.07
391 72.63 124.75
392 72.78 124.88
393 72.95 125.04
394 72.97 125.28
395 73 125.44
396 72.97 125.53
397 72.97 125.48
398 72.97 125.58
399 72.99 125.83
400 73.1 125.93
401 73.18 126.43
402 73.27 126.77
403 73.32 126.91
404 73.33 126.72
405 73.32 126.44
406 73.4 126.25
407 73.58 126.1
408 73.81 126.51
409 73.97 126.82
410 74.04 126.82
411 74.09 126.78
412 74.18 126.93
413 74.03 126.83
414 73.78 126.51
415 73.9 126.28
416 74.32 126.47
417 74.54 126.73
418 74.54 126.97
419 74.47 126.89
420 74.59 126.98
421 74.86 127.18
422 75.18 127.56
423 75.4 127.83
424 75.47 127.9
425 75.5 127.87
426 75.72 127.63
427 75.89 127.38
428 76.09 127.11
429 76.28 126.89
430 76.48 126.92
431 76.79 126.94
432 77.22 127.27
433 77.44 127.6
434 77.17 127.65
435 76.77 127.63
436 76.35 127.53
437 76.01 127.39
438 75.71 127.38
439 75.22 127.5
440 74.8 127.68
441 74.59 127.7
442 74.19 127.08
443 73.83 126.6
444 73.47 126.87
445 73.37 127.14
446 73.15 127.03
447 73.07 126.85
448 73.03 126.51
449 72.81 126.62
450 72.65 127.1
451 72.58 127.11
452 72.63 126.53
453 72.81 126.25
454 73.09 126.21
455 73.18 126.12
456 73.3 126.21
457 73.46 126.33
458 73.41 126.52
459 73.6 126.47
460 73.74 126.59
461 73.93 126.81
462 74.18 126.97
463 74.31 126.89
464 74.18 126.78
465 73.97 126.48
466 73.77 125.99
467 73.74 125.84
468 73.73 125.83
469 73.63 125.73
470 73.47 125.68
471 73.3 125.44
472 73.12 125.26
473 73.05 125.22
474 72.97 125.47
475 73.01 125.4
476 73.07 125.55
477 73.28 125.8
478 73.31 126.08
479 73.35 126.2
480 73.22 126.14
481 73.13 125.88
482 73.04 125.5
483 72.88 125.56
484 72.9 125.95
485 72.95 126.1
486 72.99 125.94
487 73.02 125.63
488 73.16 125.77
489 73.27 126.09
490 73.38 126.34
491 73.42 126.5
492 73.42 126.84
493 73.29 126.99
494 73.21 127.03
495 73.15 126.7
496 73.1 126.47
497 73.14 126.63
498 73.27 127.29
499 73.24 127.68
500 73.25 127.83
501 73.08 127.09
502 72.99 127.14
503 73.12 127.63
504 73.3 127.92
505 73.33 128.3
506 73.19 128.27
507 73.14 127.97
508 73.08 127.6
509 72.99 127.48
510 72.92 127.49
511 72.7 127.18
512 72.56 126.8
513 72.68 126.98
514 72.56 127.16
515 72.35 126.6
516 72.2 126.3
517 72.37 126.62
518 72.42 126.95
519 72.5 127.15
520 72.63 127.2
521 72.76 127.42
522 72.84 127.19
523 72.95 127.15
524 72.97 127.41
525 73.01 127.29
526 72.97 127.28
527 73.04 127.37
528 73.17 127.44
529 73.37 127.75
530 73.58 127.92
531 73.63 127.81
532 73.56 127.9
533 73.5 127.9
534 73.54 127.49
535 73.63 127.41
536 73.63 127.42
537 73.58 127.23
538 73.71 126.98
539 73.8 126.45
540 73.83 126.18
541 73.91 125.99
542 74.04 126.13
543 74.18 126.63
544 74.24 127.03
545 74.43 127.16
546 74.45 127.11
547 74.56 126.8
548 74.71 126.81
549 74.94 127.26
550 75.15 127.48
551 75.34 127.52
552 75.58 127.41
553 75.77 127.4
554 76.09 127.68
555 76.52 127.86
556 76.78 127.72
557 77.05 127.13
558 77.02 126.78
559 77.07 126.62
560 77.13 126.72
561 77.44 127.07
562 77.72 127.52
563 77.8 127.74
564 77.88 127.88
565 78.03 127.82
566 78.2 127.93
567 78.26 128.07
568 78.08 127.98
569 77.02 127.82
570 76.12 127.57
571 75.61 127.58
572 75.12 127.41
573 74.61 127.45
574 74.27 127.22
575 73.97 127.12
576 73.67 126.47
577 73.46 125.77
578 73.29 125.33
579 73.26 125.01
580 73.29 125.16
581 73.37 125.3
582 73.3 125.28
583 73.33 125.34
584 73.4 125.39
585 73.37 125.29
586 73.28 125.1
587 73.5 125.11
588 73.52 125.16
589 73.47 125.42
590 73.51 125.6
591 73.49 125.85
592 73.45 126.12
593 73.52 126.43
594 73.5 126.68
595 73.58 126.79
596 73.64 126.97
597 73.7 127.24
598 73.78 127.32
599 73.99 127.24
600 74.27 127.06
601 74.27 126.53
602 74.63 126.18
603 74.92 126.3
604 75.29 126.82
605 75.67 127.13
606 75.88 127.29
607 75.85 127.22
608 75.38 127.31
609 74.96 127.14
610 74.49 127.13
611 74.07 127.13
612 73.6 126.79
613 73.38 126.54
614 73.23 126.51
615 73.29 126.47
616 73.4 126.47
617 73.55 126.47
618 73.68 126.53
619 73.75 126.53
620 73.84 126.54
621 73.93 126.96
622 74.02 127.53
623 74.28 127.82
624 74.52 126.97
625 74.15 127.41
626 74.2 127.22
627 74.67 127.67
628 75.33 128.49
629 75.67 128.97
630 75.1 128.43
631 74.21 126.88
632 73.92 125.24
633 74.17 125.25
634 74.32 126.63
635 74.28 127.12
636 74.14 126.95
637 73.94 126.71
638 73.93 126.29
639 73.82 126.27
640 73.69 126.42
641 73.54 126.5
642 73.43 126.78
643 73.48 126.69
644 73.6 126.13
645 73.68 126.53
646 73.71 126.91
647 73.74 126.81
648 73.76 126.33
649 73.7 126.44
650 73.7 126.56
651 73.75 127.17
652 73.83 127.18
653 73.92 126.9
654 74.02 126.65
655 74.11 126.86
656 74.23 127.02
657 74.34 127.17
658 74.45 127.36
659 74.59 126.93
660 74.81 126.53
661 74.88 126.92
662 74.72 127.37
663 74.55 127.58
664 74.39 127.63
665 74.34 127.72
666 74.33 127.32
667 74.38 125.24
668 73.58 124.98
669 72.57 124.25
670 72.64 123.48
671 72.93 124.4
672 73.28 125.82
673 73.38 126.24
674 73.22 126.5
675 73.1 126.45
676 73.12 126.49
677 73.22 126.85
678 73.29 127.12
679 73.28 127.2
680 73.3 126.97
681 73.43 126.71
682 73.5 126.74
683 73.51 127.19
684 73.42 127.44
685 73.45 127.63
686 73.66 127.76
687 73.8 127.55
688 73.93 127.26
689 74.17 127.08
690 74.31 126.79
691 74.35 126.22
692 74.42 125.87
693 74.36 125.68
694 74.47 125.75
695 74.61 126.23
696 74.43 126.47
697 74.26 126.44
698 74.05 125.96
699 73.89 125.6
700 73.93 125.47
701 73.86 125.33
702 73.76 125.15
703 73.58 125.04
704 73.93 125.13
705 74.65 125.74
706 75.2 126.73
707 75.36 127.61
708 75.56 127.81
709 75.73 127.75
710 75.97 128.16
711 75.73 128.47
712 75.41 128.38
713 75.23 128.42
714 75.09 128.27
715 75.01 128.64
716 74.84 128.52
717 74.64 128.42
718 74.38 128.28
719 74.15 128.18
720 74.18 127.97
721 74.24 128.04
722 74.16 128.2
723 74.03 128.07
724 73.82 127.32
725 74.01 127.19
726 74.66 127.58
727 75.43 128.21
728 75.44 128.19
729 75.3 127.61
730 75.43 127.65
731 75.77 127.82
732 76.09 128.21
733 76.28 129.03
734 76.43 129.57
735 76.38 129.42
736 76.18 129.43
737 75.93 129.48
738 75.84 129.53
739 75.61 129.7
740 75.5 129.4
741 75.32 129.06
742 75.08 128.85
743 75.02 128.82
744 74.94 129.21
745 74.9 129.42
746 74.87 129.13
747 74.72 129.27
748 74.68 129.5
749 74.7 129.26
750 75.23 129.16
751 75.72 129.25
752 76.02 129.66
753 76.02 129.73
754 76.1 129.76
755 75.95 129.68
756 75.52 129.33
757 75.34 128.9
758 75.18 128.84
759 75.11 128.69
760 74.88 128.59
761 74.61 128.83
762 74.42 128.86
763 74.34 128.83
764 74.17 128.52
765 74.03 128.5
766 73.88 128.27
767 73.7 128.01
768 73.54 128.02
769 73.42 127.83
770 73.32 127.48
771 73.17 127.21
772 73.25 127.07
773 73.44 126.94
774 73.81 127.03
775 74.27 127.7
776 74.61 128.39
777 74.87 128.8
778 75.18 128.96
779 75.43 128.94
780 75.55 129.07
781 75.51 128.58
782 75.17 127.92
783 74.82 127.35
784 74.68 126.86
785 74.51 126.49
786 74.42 126.32
787 74.34 126.33
788 74.23 126.38
789 74.03 126.21
790 73.88 126.09
791 73.81 126.07
792 73.75 126.14
793 73.88 126.45
794 74.03 127.12
795 74.1 127.33
796 74.1 127.57
797 74.17 128.01
798 74.11 128.48
799 73.91 128.54
800 73.75 128.4
801 73.61 127.78
802 73.47 127.35
803 73.39 127.04
804 73.39 126.91
805 73.38 127.07
806 73.42 127.16
807 73.26 126.92
808 73.1 126.52
809 72.97 126.07
810 72.82 125.85
811 72.8 125.53
812 72.83 125.24
813 72.84 125.27
814 72.72 125.18
815 72.66 125.11
816 72.73 125.11
817 72.72 124.99
818 72.65 124.97
819 72.68 125.04
820 72.63 124.76
821 72.52 124.57
822 72.54 124.42
823 72.47 124.44
824 72.38 124.37
825 72.3 124.14
826 72.36 123.83
827 72.47 123.88
828 72.43 123.79
829 72.4 123.64
830 72.41 123.63
831 72.38 123.77
832 72.31 123.84
833 72.28 123.92
834 72.3 123.68
835 72.37 123.43
836 72.37 123.37
837 72.3 123.67
838 72.33 124.02
839 72.32 124.29
840 72.38 124.45
841 72.43 125.21
842 72.43 126.43
843 72.45 126.93
844 72.43 127.31
845 72.46 127.64
846 72.53 128.06
847 72.58 128.3
848 72.61 128.45
849 72.65 128.45
850 72.65 128.54
851 72.68 128.53
852 72.68 128.57
853 72.63 128.57
854 72.61 128.59
855 72.62 128.63
856 72.59 128.71
857 72.65 128.82
858 72.62 128.82
859 72.7 128.77
860 72.77 128.76
861 72.82 128.89
862 72.78 128.92
863 72.72 128.98
864 72.7 128.9
865 72.67 128.8
866 72.62 128.75
867 72.58 128.66
868 72.54 128.67
869 72.51 128.62
870 72.46 128.65
871 72.43 128.58
872 72.35 128.44
873 72.36 128.41
874 72.33 128.39
875 72.32 128.41
876 72.47 128.41
877 72.56 128.6
878 72.6 128.93
879 72.58 129.07
880 72.51 129.21
881 72.5 129.4
882 72.55 129.63
883 72.51 129.79
884 72.45 129.72
885 72.33 129.64
886 72.26 129.4
887 72.23 129.15
888 72.33 129.15
889 72.34 129.23
890 72.48 129.34
891 72.55 129.38
892 72.55 129.45
893 72.51 129.54
894 72.35 129.45
895 72.35 129.36
896 72.33 129.37
897 72.42 129.32
898 72.58 129.49
899 72.69 129.7
900 72.76 130.02
901 72.92 130.28
902 73.08 130.48
903 73.21 130.75
904 73.38 130.92
905 73.5 130.99
906 73.7 130.9
907 73.84 130.9
908 74.2 131.06
909 74.63 131.18
910 75.05 131.34
911 75.64 131.54
912 76.11 131.75
913 76.37 131.81
914 76.68 131.59
915 76.37 131.3
916 75.58 130.79
917 74.88 130.27
918 74.48 130.08
919 74.32 130.12
920 74.19 129.97
921 74.33 130.09
922 74.66 130.63
923 74.98 130.98
924 75.39 131.39
925 75.67 131.72
926 76.03 131.93
927 76.24 131.98
928 76.5 131.91
929 76.9 132.01
930 77.09 132.28
931 76.73 132.13
932 75.72 131.81
933 74.67 131.28
934 73.72 130.84
935 73.55 130.19
936 73.63 130.28
937 73.6 130.67
938 73.26 130.8
939 72.73 130.43
940 72.51 130.19
941 72.46 130.27
942 72.46 130.4
943 72.56 130.87
944 72.73 131.29
945 72.87 131.49
946 72.86 131.7
947 72.89 132.09
948 72.97 132.16
949 72.83 131.07
950 72.65 130.24
951 72.58 130.22
952 72.54 129.33
953 72.59 129.97
954 72.73 130.49
955 72.93 129.78
956 73.03 129.53
957 72.91 129.12
958 72.8 128.96
959 72.65 129.65
960 72.67 129.92
961 72.8 129.82
962 72.87 129.7
963 72.88 129.66
964 72.7 128.93
965 72.66 128.42
966 72.6 128.27
967 72.65 128.7
968 72.59 129
969 72.6 129.2
970 72.64 129.38
971 72.64 129.13
972 72.65 129.17
973 72.61 129.08
974 72.66 128.91
975 72.55 128.9
976 72.52 128.6
977 72.57 128.3
978 72.64 128.4
979 72.56 128.42
980 72.57 128.27
981 72.58 128.34
982 72.59 128.44
983 72.59 128.76
984 72.58 128.93
985 72.66 128.82
986 72.73 129.19
987 72.74 129.4
988 72.79 129.43
989 72.73 129.51
990 72.73 129.78
991 72.67 129.8
992 72.63 129.67
993 72.8 129.48
994 73.08 129.58
995 73.06 129.59
996 73.01 129.5
997 73.09 129.72
998 73.28 130.38
999 73.18 130.7
1000 73.11 130.18
1001 73 129.75
1002 73.08 129.73
1003 73.08 129.43
1004 73.03 128.95
1005 73.06 128.91
1006 73.06 128.58
1007 73.09 128.28
1008 73.13 128.37
1009 73.1 128.37
1010 73.22 128.26
1011 73.27 128.18
1012 73.23 128.41
1013 73.25 128.74
1014 73.37 128.85
1015 73.33 129.16
1016 73.33 129.4
1017 73.35 129.28
1018 73.31 129.16
1019 73.33 129.08
1020 73.39 128.87
1021 73.33 128.74
1022 73.3 128.61
1023 73.25 128.93
1024 73.21 129.13
1025 73.17 129.19
1026 73.15 128.84
1027 73.11 128.54
1028 73.08 128.21
1029 73.02 128.05
1030 72.93 127.78
1031 72.92 127.53
1032 72.8 127.51
1033 72.82 127.53
1034 72.84 127.47
1035 72.82 127.33
1036 72.72 127.3
1037 72.58 127.34
1038 72.53 127.1
1039 72.56 126.84
1040 72.58 126.87
1041 72.68 126.88
1042 72.7 126.78
1043 72.68 126.68
1044 72.72 126.85
1045 72.72 127.32
1046 72.71 127.95
1047 72.71 128.64
1048 72.7 129.01
1049 72.73 129.09
1050 72.73 128.69
1051 72.57 127.76
1052 72.5 127.37
1053 72.53 127.12
1054 72.53 127.45
1055 72.52 128.11
1056 72.57 128.08
1057 72.69 128.12
1058 72.63 127.93
1059 72.62 127.88
1060 72.68 127.66
1061 72.71 127.79
1062 72.82 128.39
1063 73.09 128.92
1064 73.1 128.98
1065 72.89 128.83
1066 72.78 128.68
1067 72.8 128.76
1068 72.88 129.13
1069 72.65 129.31
1070 72.57 128.8
1071 72.64 128.43
1072 72.72 128.41
1073 72.68 128.47
1074 72.54 128.47
1075 72.47 128.28
1076 72.37 127.87
1077 72.4 127.68
1078 72.22 127.67
1079 72.27 127.64
1080 72.57 127.37
1081 72.7 127.59
1082 72.59 127.78
1083 72.46 126.99
1084 72.19 126.28
1085 72.13 125.77
1086 72.14 125.79
1087 72.33 125.92
1088 72.41 126.08
1089 72.42 126.03
1090 72.46 126.23
1091 72.33 126.22
1092 72.42 126.23
1093 72.33 126.57
1094 72.3 126.77
1095 72.3 126.51
1096 72.33 126.72
1097 72.38 126.95
1098 72.37 126.89
1099 72.37 126.86
1100 72.36 126.92
1101 72.4 126.92
1102 72.41 126.77
1103 72.41 126.67
1104 72.35 126.51
1105 72.29 126.38
1106 72.28 126.14
1107 72.18 125.97
1108 72.2 125.81
1109 72.23 125.85
1110 72.22 125.87
1111 72.38 126.19
1112 72.41 126.58
1113 72.47 126.78
1114 72.58 127.21
1115 72.52 127.35
1116 72.52 127.27
1117 72.58 127.15
1118 72.58 127.1
1119 72.67 127.11
1120 72.7 127.25
1121 72.65 127.31
1122 72.6 127.49
1123 72.61 127.63
1124 72.57 127.58
1125 72.6 127.58
1126 72.66 127.59
1127 72.63 127.03
1128 72.57 126.71
1129 72.52 126.22
1130 72.53 125.9
1131 72.48 125.88
1132 72.38 125.78
1133 72.36 125.74
1134 72.33 125.77
1135 72.43 125.77
1136 72.5 126.03
1137 72.5 126.7
1138 72.46 127
1139 72.44 126.94
1140 72.39 126.85
1141 72.45 126.93
1142 72.55 127.18
1143 72.47 127.22
1144 72.37 126.96
1145 72.3 126.26
1146 72.33 125.73
1147 72.43 125.81
1148 72.2 125.76
1149 71.99 125.33
1150 72.15 124.88
1151 72.47 125.18
1152 72.52 125.53
1153 72.42 126.05
1154 72.41 126.22
1155 72.43 126.2
1156 72.28 125.94
1157 72.25 126.01
1158 72.38 126.39
1159 72.41 126.32
1160 72.47 126.27
1161 72.55 126.07
1162 72.58 126.33
1163 72.63 126.52
1164 72.61 126.43
1165 72.42 126.68
1166 72.29 126.82
1167 72.39 126.88
1168 72.34 126.92
1169 72.38 126.97
1170 72.41 127
1171 72.38 126.74
1172 72.19 126.18
1173 72.08 125.72
1174 72.17 125.19
1175 72.13 124.62
1176 71.98 124.03
1177 72.01 123.54
1178 71.71 123.34
1179 71.35 122.77
1180 71.14 121.7
1181 71.15 120.79
1182 71.14 120.28
1183 71.36 120.15
1184 71.53 119.84
1185 71.72 119.99
1186 71.96 120.22
1187 71.93 120.3
1188 71.83 120.98
1189 71.79 121.13
1190 71.77 121.67
1191 71.64 122.27
1192 71.51 121.54
1193 71.67 120.1
1194 71.93 118.79
1195 71.98 120.62
1196 72.12 121.98
1197 71.86 122.94
1198 71.67 123.56
1199 71.89 124.37
1200 72.23 125.36
1201 72.43 125.74
1202 72.56 125.95
1203 72.92 126.39
1204 73.31 126.47
1205 73.06 126.17
1206 72.49 125.96
1207 71.98 125.8
1208 72.22 126.15
1209 72.3 126.77
1210 72.02 128.64
1211 72.22 128.92
1212 72.38 129.33
1213 72.47 129.67
1214 72.55 129.77
1215 72.7 130.2
1216 72.81 129.86
1217 72.7 129.03
1218 72.44 129.27
1219 72.28 129.21
1220 71.93 128.21
1221 71.77 127.37
1222 72.06 126.84
1223 72.25 126.78
1224 72.3 127.08
1225 72.31 127.4
1226 72.39 127.45
1227 72.54 127.66
1228 72.6 127.87
1229 72.58 127.88
1230 72.41 128.02
1231 72.32 127.89
1232 72.39 127.81
1233 72.41 127.63
1234 72.4 127.62
1235 72.36 127.8
1236 72.47 128.01
1237 72.44 127.76
1238 72.37 127.51
1239 72.21 127.49
1240 72.22 127.17
1241 72.13 126.83
1242 72.13 126.04
1243 72.16 124.99
1244 72.14 124.28
1245 72 123.62
1246 72.05 123.55
1247 72.17 123.57
1248 72.11 123.15
1249 72.12 122.67
1250 72.22 122.28
1251 72.22 122.06
1252 72.2 121.85
1253 72.24 121.54
1254 72.28 121.24
1255 72.33 120.52
1256 72.2 119.73
1257 72.11 119.36
1258 72.23 119.11
1259 72.37 119.63
1260 72.33 119.88
1261 72.33 119.65
1262 72.33 119.04
1263 72.28 118.65
1264 72.17 118.27
1265 72.05 117.98
1266 72.05 117.78
1267 72.1 117.7
1268 72.17 117.63
1269 72.29 117.73
1270 72.26 117.85
1271 72.23 118.42
1272 72.19 118.72
1273 72.19 118.87
1274 72.19 118.88
1275 72.22 118.79
1276 72.13 118.8
1277 72.01 119
1278 71.95 119.03
1279 72.02 119.18
1280 71.99 118.98
1281 71.96 118.79
1282 72.01 118.87
1283 71.9 118.96
1284 71.81 119.21
1285 71.76 119.28
1286 71.7 119.33
1287 71.64 119.44
1288 71.7 119.4
1289 71.83 119.78
1290 71.72 120.05
1291 71.64 119.93
1292 71.61 119.45
1293 71.49 119.16
1294 71.45 118.73
1295 71.59 118.24
1296 71.74 118.18
1297 71.82 118.31
1298 71.79 118.5
1299 71.7 118.68
1300 71.7 118.87
1301 71.87 119.38
1302 71.9 119.88
1303 71.95 120.15
1304 72.06 120.26
1305 71.94 120.2
1306 71.95 120.54
1307 72.01 121.28
1308 72.09 122.13
1309 72.28 123.03
1310 72.33 123.44
1311 72.2 123.62
1312 72.12 123.01
1313 72.11 122.44
1314 72.12 122.18
1315 72.17 122.19
1316 72.29 122.2
1317 72.37 122.17
1318 72.35 122.31
1319 72.19 122.5
1320 72.25 122.6
1321 72.43 122.85
1322 72.75 123.74
1323 72.88 124.66
1324 72.87 125.33
1325 72.88 125.97
1326 72.86 126.41
1327 72.96 126.81
1328 73.03 127.2
1329 73.1 127.59
1330 73.06 127.69
1331 73.11 127.37
1332 73.25 127.28
1333 73.29 127.67
1334 73.24 128.03
1335 73.16 127.97
1336 73.18 127.14
1337 73.18 126.79
1338 73.33 127.29
1339 73.41 127.68
1340 73.47 127.28
1341 73.48 126.44
1342 73.53 125.52
1343 73.47 124.83
1344 73.44 124.49
1345 73.38 124.08
1346 73.28 123.81
1347 73.14 123.43
1348 73.1 123.07
1349 73.1 122.98
1350 73.15 123.09
1351 73.06 123.05
1352 73.04 122.92
1353 72.99 122.76
1354 72.95 122.68
1355 72.94 122.58
1356 72.93 122.6
1357 72.95 122.66
1358 73.07 122.69
1359 73.06 122.77
1360 72.69 122.36
1361 72.52 121.82
1362 72.47 121.63
1363 72.71 121.97
1364 73.04 122.55
1365 73.26 122.85
1366 73.27 122.91
1367 73.35 122.87
1368 73.5 123.09
1369 73.73 123.44
1370 73.77 123.34
1371 73.85 123.06
1372 73.85 122.67
1373 74.06 122.67
1374 74.23 122.87
1375 74.59 123.21
1376 74.92 123.43
1377 75.13 123.44
1378 75.38 123.43
1379 75.65 123.28
1380 75.82 123.25
1381 76.05 123.17
1382 76.5 123.34
1383 77.15 123.58
1384 77.94 123.77
1385 78.67 123.82
1386 79.28 123.71
1387 79.92 123.8
1388 80.61 123.93
1389 81.28 123.93
1390 81.74 123.95
1391 81.31 124
1392 80.84 123.87
1393 80.67 123.56
1394 80.31 123.38
1395 79.21 123.19
1396 78.09 122.84
1397 77.32 122.44
1398 76.69 122.18
1399 75.9 122.01
1400 75.12 121.68
1401 74.37 121.42
1402 73.79 121.17
1403 73.43 121.08
1404 73.12 121.14
1405 72.97 121.19
1406 72.7 121.18
1407 72.58 121.17
1408 72.6 121.71
1409 72.58 122.92
1410 72.53 123.69
1411 72.47 123.97
1412 72.58 124.1
1413 72.7 124.57
1414 72.58 124.45
1415 72.43 124.12
1416 72.36 123.96
1417 72.38 124.22
1418 72.43 124.74
1419 72.5 124.91
1420 72.61 124.77
1421 72.62 124.64
1422 72.55 124.67
1423 72.53 124.59
1424 72.63 124.21
1425 72.64 124.16
1426 72.71 124.27
1427 72.83 124.42
1428 72.94 124.38
1429 73.04 124.39
1430 73.13 124.42
1431 73.27 124.73
1432 73.29 125.28
1433 73.08 125.77
1434 72.82 125.33
1435 72.57 124.35
1436 72.35 123.7
1437 72.31 123.33
1438 72.47 122.91
1439 72.61 123.14
1440 72.76 123.64
1441 72.89 124.08
1442 73 124.66
1443 72.89 125.24
1444 72.86 125.49
1445 72.87 125.31
1446 72.74 125.21
1447 72.65 124.45
1448 72.7 124
1449 72.85 123.57
1450 72.86 123.7
1451 72.93 124.17
1452 72.87 123.82
1453 72.82 123.39
1454 72.92 123.11
1455 72.86 122.98
1456 72.91 123.26
1457 72.92 123.37
1458 72.82 122.95
1459 72.74 122.52
1460 72.71 122.15
1461 72.76 122.14
1462 72.77 122.3
1463 72.87 122.79
1464 72.88 122.89
1465 72.89 122.85
1466 72.8 122.67
1467 72.77 122.49
1468 72.73 122.43
1469 72.65 122.45
1470 72.69 122.5
1471 72.74 122.66
1472 72.75 122.77
1473 72.69 122.65
1474 72.58 122.26
1475 72.51 122.03
1476 72.53 121.81
1477 72.72 121.82
1478 73.03 122.42
1479 73.38 123.63
1480 73.56 124.76
1481 73.26 125.29
1482 73.06 125.67
1483 72.99 125.95
1484 72.87 126.01
1485 73.03 125.94
1486 73.15 126.18
1487 73.01 125.54
1488 72.94 124.97
1489 72.97 124.57
1490 73.12 124.9
1491 73.2 125
1492 73.13 125.3
1493 72.95 125.75
1494 72.89 126.21
1495 72.94 126.22
1496 72.92 126.41
1497 72.9 126.63
1498 72.98 126.72
1499 72.86 126.82
1500 72.85 127.13
1501 72.85 127.32
1502 72.88 127.43
1503 73.03 127.66
1504 73.07 127.53
1505 73.02 127.14
1506 73.05 127.09
1507 73.03 126.72
1508 73.08 126.23
1509 73.11 126.43
1510 73.12 126.52
1511 73.12 126.29
1512 73.13 126.47
1513 73.12 126.47
1514 73.16 126.82
1515 73.18 126.92
1516 73.16 126.69
1517 73.17 126.79
1518 73.17 126.52
1519 73.2 126.76
1520 73.15 127.15
1521 73.13 127.38
1522 73.1 127.36
1523 73.08 127.32
1524 72.99 127.15
1525 72.99 126.99
1526 72.93 127.1
1527 72.61 127.06
1528 72.47 126.75
1529 72.62 126.3
1530 72.83 126.82
1531 72.84 127.34
1532 72.84 127.2
1533 72.78 126.82
1534 72.81 126.7
1535 72.87 126.87
1536 72.83 126.66
1537 72.89 126.37
1538 72.97 126.07
1539 72.9 125.72
1540 72.8 125.42
1541 72.8 125.57
1542 72.85 125.96
1543 72.78 126.4
1544 72.82 126.52
1545 72.7 126.34
1546 72.65 126.37
1547 72.67 126.56
1548 72.6 126.45
1549 72.57 126.46
1550 72.42 126.4
1551 72.41 126.55
1552 72.46 126.63
1553 72.29 126.82
1554 72.38 126.84
1555 72.36 126.58
1556 72.26 126.27
1557 72.25 126.22
1558 72.37 126.46
1559 72.34 126.52
1560 72.17 126.42
1561 72.29 125.99
1562 72.43 125.28
1563 72.46 125.07
1564 72.43 125.28
1565 72.33 124.57
1566 72.42 123.78
1567 72.33 123.87
1568 72.2 124.33
1569 72.3 124.22
1570 72.38 124.49
1571 72.46 125.27
1572 72.55 125.88
1573 72.49 126.07
1574 72.45 126.57
1575 72.56 126.71
1576 72.62 126.67
1577 72.6 126.76
1578 72.61 127.14
1579 72.6 127.23
1580 72.68 127.28
1581 72.63 127.59
1582 72.48 128
1583 72.38 128.13
1584 72.38 128.16
1585 72.32 127.9
1586 72.38 127.56
1587 72.35 127.26
1588 72.35 127.25
1589 72.33 127.47
1590 72.29 127.54
1591 72.31 127.53
1592 72.25 127.14
1593 72.2 126.38
1594 72.24 125.72
1595 72.28 125.36
1596 71.31 125.28
1597 71.18 125.49
1598 71.86 125.38
1599 72.22 125.49
1600 72.47 125.71
1601 72.55 126.4
1602 72.6 127.35
1603 72.66 128.37
1604 72.8 129.31
1605 72.84 130.05
1606 72.71 130.72
1607 72.78 130.73
1608 72.75 130.64
1609 72.75 130.54
1610 72.82 130.6
1611 72.84 130.56
1612 72.85 130.51
1613 72.88 130.25
1614 72.85 130.1
1615 72.84 130.23
1616 72.83 130.44
1617 72.79 130.69
1618 72.8 130.74
1619 72.86 130.82
1620 72.91 130.88
1621 72.67 130.54
1622 72.58 129.86
1623 72.37 129.13
1624 72.34 128.89
1625 72.34 128.76
1626 72.36 128.42
1627 72.43 127.71
1628 72.45 126.84
1629 72.47 126.51
1630 72.44 127.17
1631 71.91 127.66
1632 71.89 127.78
1633 72.44 127.94
1634 73.07 129.17
1635 73.14 130.68
1636 72.95 131.29
1637 72.93 131.22
1638 72.77 131.05
1639 72.52 130.82
1640 72.47 129.96
1641 72.47 129.53
1642 72.35 129.1
1643 72.39 128.68
1644 72.31 128.48
1645 72.15 127.96
1646 72.11 126.97
1647 72.12 126.17
1648 72.06 125.58
1649 72.08 124.74
1650 71.95 123.72
1651 71.92 122.76
1652 71.92 122.09
1653 71.95 121.36
1654 72.03 121.04
1655 71.99 120.98
1656 71.95 121.04
1657 72.03 121.22
1658 72.05 121.27
1659 72.01 121.36
1660 71.96 121.13
1661 71.99 121.05
1662 72.04 121.06
1663 72.2 121
1664 72.24 121.28
1665 72.22 121.53
1666 72.21 121.64
1667 72.23 121.68
1668 72.4 121.75
1669 72.31 121.79
1670 72.25 122.17
1671 72.2 122.18
1672 72.2 121.94
1673 72.17 122.17
1674 72.13 122.3
1675 72.19 122.32
1676 72.22 122.17
1677 72.25 122.29
1678 72.25 122.27
1679 72.23 122.37
1680 72.21 122.31
1681 72.16 122.28
1682 72.17 122.46
1683 72.19 122.67
1684 72.15 122.86
1685 72.25 122.47
1686 72.26 122.53
1687 72.28 122.84
1688 72.29 122.85
1689 72.33 122.87
1690 72.34 122.59
1691 72.38 122.57
1692 72.45 122.77
1693 72.4 122.97
1694 72.3 122.15
1695 72.18 121.75
1696 72.08 121.98
1697 72.12 122.43
1698 72.49 122.31
1699 72.78 122.33
1700 72.96 122.92
1701 72.8 123.63
1702 72.71 124.23
1703 72.78 124.62
1704 72.77 125.24
1705 72.79 126.37
1706 72.62 126.9
1707 72.33 127.07
1708 72.21 126.91
1709 72.33 126.73
1710 72.3 126.58
1711 72.33 126.15
1712 72.34 126.03
1713 72.36 126.13
1714 72.42 125.82
1715 72.46 125.64
1716 72.43 125.68
1717 72.5 125.48
1718 72.48 125.35
1719 72.46 125
1720 72.41 124.68
1721 72.28 124.29
1722 72.25 123.9
1723 72.42 123.67
1724 72.53 123.78
1725 72.55 123.89
1726 72.59 124.09
1727 72.48 124.29
1728 72.25 124.41
1729 72.06 124.19
1730 72.04 123.6
1731 72.05 123.17
1732 72.05 122.69
1733 72.03 122.13
1734 72.17 121.88
1735 72.24 122.07
1736 72.41 122.28
1737 72.6 122.34
1738 72.67 122.65
1739 72.71 123.35
1740 72.75 124.15
1741 72.78 124.88
1742 72.76 125.29
1743 72.74 125.33
1744 72.66 125.19
1745 72.53 124.91
1746 72.51 124.75
1747 72.47 124.45
1748 72.42 124.53
1749 72.3 124.88
1750 72.32 124.83
1751 72.35 124.63
1752 72.37 124.3
1753 72.53 124.04
1754 72.58 124.12
1755 72.75 124.52
1756 72.77 124.69
1757 72.81 124.85
1758 72.83 124.93
1759 72.7 125.05
1760 72.55 125.18
1761 72.38 125.04
1762 72.43 124.81
1763 72.52 124.81
1764 72.62 125.09
1765 72.48 125.22
1766 72.71 125.37
1767 72.91 125.52
1768 73.15 125.96
1769 73.12 126.42
1770 73.04 126.7
1771 72.87 126.82
1772 72.82 126.67
1773 72.82 126.62
1774 72.8 126.69
1775 72.84 126.68
1776 72.83 126.64
1777 72.8 126.87
1778 72.88 126.88
1779 72.9 126.88
1780 73 127.1
1781 72.91 127.19
1782 72.88 127.25
1783 72.72 127.28
1784 72.66 127.22
1785 72.59 127.03
1786 72.58 126.95
1787 72.59 126.8
1788 72.61 126.63
1789 72.46 126.34
1790 72.48 126.03
1791 72.47 125.76
1792 72.53 125.84
1793 72.58 125.82
1794 72.48 125.46
1795 72.51 125
1796 72.53 124.48
1797 72.6 124.59
1798 72.61 124.97
1799 72.75 125.13
1800 72.94 125.69
1801 73.15 126.19
1802 73.2 126.9
1803 73.25 127.03
1804 73.17 126.57
1805 73.17 125.93
1806 73.15 125.42
1807 73.17 125.18
1808 73.16 124.94
1809 73.16 124.84
1810 73.14 125.32
1811 72.98 126.18
1812 72.82 127.12
1813 72.68 127.67
1814 72.63 127.84
1815 72.73 128.03
1816 72.71 128.13
1817 72.7 128.13
1818 72.75 128.3
1819 72.77 128.76
1820 72.91 129.41
1821 72.85 129.6
1822 72.75 129.69
1823 72.76 129.38
1824 72.86 128.98
1825 72.91 128.36
1826 72.97 128.37
1827 72.94 128.86
1828 73.03 129
1829 73.1 129.09
1830 72.99 129.37
1831 72.94 129.32
1832 72.9 129.71
1833 73.01 130.18
1834 73.03 130.37
1835 73.06 130.48
1836 73.2 130.39
1837 73.18 130.21
1838 73.06 129.75
1839 72.99 129.1
1840 72.86 129.03
1841 72.81 129.39
1842 72.76 129.89
1843 72.79 130.2
1844 72.68 129.63
1845 72.58 128.14
1846 72.71 127.33
1847 72.57 126.82
1848 72.27 126.25
1849 72.11 125.66
1850 72.07 125.05
1851 71.92 124.73
1852 71.94 124.64
1853 71.97 124.28
1854 71.95 124.12
1855 72.01 123.93
1856 72.04 123.81
1857 72.17 123.72
1858 72.26 123.45
1859 72.35 123.3
1860 72.39 123.35
1861 72.34 123.33
1862 72.28 123.41
1863 72.34 123.26
1864 72.41 123.28
1865 72.48 123.42
1866 72.53 123.63
1867 72.52 123.82
1868 72.58 123.67
1869 72.51 123.51
1870 72.4 123.4
1871 72.35 123.18
1872 72.55 123.22
1873 72.7 123.29
1874 72.62 123.28
1875 72.52 123.17
1876 72.52 122.94
1877 72.49 122.83
1878 72.53 122.8
1879 72.65 122.95
1880 72.88 123.44
1881 72.97 124.03
1882 73.03 124.43
1883 72.93 124.73
1884 72.82 124.83
1885 72.8 124.88
1886 72.63 124.9
1887 72.54 124.92
1888 72.47 125.05
1889 72.47 125.03
1890 72.45 125.17
1891 72.55 125.28
1892 72.58 125.42
1893 72.58 125.42
1894 72.41 125.51
1895 72.5 125.53
1896 72.67 125.52
1897 72.62 125.65
1898 72.61 125.87
1899 72.53 125.97
1900 72.43 125.88
1901 72.36 125.86
1902 72.49 126.12
1903 72.51 126.36
1904 72.47 126.45
1905 72.34 126.42
1906 72.45 126.51
1907 72.45 126.72
1908 72.49 126.69
1909 72.54 127.09
1910 72.42 127.15
1911 72.26 126.97
1912 72.22 126.77
1913 72.21 126.63
1914 72.29 126.37
1915 72.34 126.44
1916 72.02 125.88
1917 71.71 125.11
1918 71.53 124.47
1919 71.42 124.04
1920 71.45 123.6
1921 71.51 123.13
1922 71.62 123.14
1923 71.64 122.87
1924 71.7 122.89
1925 71.56 122.53
1926 71.2 122.04
1927 71.29 121.72
1928 71.73 121.7
1929 71.92 122.28
1930 72.01 122.74
1931 71.96 123.32
1932 71.95 123.53
1933 71.96 123.77
1934 71.9 124
1935 71.92 124.38
1936 71.98 124.57
1937 71.95 124.39
1938 72.01 124.3
1939 72.13 124.19
1940 72.1 124.05
1941 72.08 123.99
1942 72.18 124.34
1943 72.33 124.59
1944 72.41 124.91
1945 72.32 124.98
1946 72.03 124.4
1947 71.97 124
1948 72.03 123.78
1949 72.1 123.48
1950 72.04 123.63
1951 72.31 123.96
1952 72.4 124.32
1953 72.59 124.61
1954 72.73 124.67
1955 72.77 125.11
1956 72.8 125.57
1957 72.72 125.75
1958 72.7 125.81
1959 72.77 125.5
1960 72.85 125.61
1961 72.89 125.77
1962 72.88 125.72
1963 72.87 125.85
1964 72.66 125.83
1965 72.79 125.79
1966 72.93 125.81
1967 72.87 126.02
1968 72.85 126.2
1969 72.89 126.11
1970 72.99 126.13
1971 73.03 126.28
1972 72.97 126.15
1973 72.89 126.13
1974 72.92 126.14
1975 72.93 126.28
1976 72.95 126.34
1977 72.89 126.21
1978 72.77 126.16
1979 72.92 126.02
1980 72.92 125.96
1981 72.86 126.07
1982 72.98 125.98
1983 73.01 126.1
1984 73.1 126.12
1985 73.14 126.18
1986 73.17 126.34
1987 73.19 126.3
1988 73.34 126.51
1989 73.51 126.99
1990 73.07 126.82
1991 72.74 126.19
1992 73.18 125.82
1993 73.62 126.71
1994 73.83 127.03
1995 73.47 126.24
1996 73.23 125.35
1997 73.24 124.98
1998 73.54 125.03
1999 73.87 125.23
2000 74.02 125.38
2001 74.08 125.3
2002 74.07 125.11
2003 74.13 124.89
2004 74.03 124.83
2005 73.8 124.62
2006 73.73 124.22
2007 73.58 124.24
2008 73.56 125.03
2009 73.47 125.35
2010 73.12 125.08
2011 72.87 125.13
2012 72.73 125.35
2013 72.62 124.86
2014 72.68 124.51
2015 72.66 125.28
2016 72.16 126.27
2017 72.74 126.34
2018 72.94 126.71
2019 73.28 127.45
2020 73.37 128.23
2021 73.29 128.43
2022 73.28 128.94
2023 73.31 129.32
2024 73.33 129.48
2025 73.42 129.22
2026 73.52 128.85
2027 73.6 128.46
2028 73.46 127.77
2029 73.37 128.17
2030 73.22 128.83
2031 73.21 129.11
2032 73.29 128.97
2033 73.28 128.96
2034 73.37 129.6
2035 73.41 130.03
2036 73.33 130.44
2037 73.28 130.45
2038 73.21 130.48
2039 73.08 130.5
2040 73.07 130.66
2041 73.12 130.83
2042 73.12 130.89
2043 73.02 130.93
2044 72.95 130.68
2045 72.83 130.31
2046 72.81 130.27
2047 72.84 130.41
2048 72.72 130.5
2049 72.74 130.38
2050 72.71 130.28
2051 72.67 130.33
2052 72.65 130.32
2053 72.53 130.17
2054 72.41 130.02
2055 72.33 129.83
2056 72.23 129.65
2057 72.14 129.39
2058 72.18 129.35
2059 72.02 129.24
2060 71.9 129.04
2061 71.82 128.71
2062 71.78 128.48
2063 71.86 128.46
2064 71.94 128.41
2065 71.88 128.13
2066 71.91 127.88
2067 71.91 127.56
2068 71.92 127.19
2069 71.98 126.87
2070 71.98 126.69
2071 72.07 126.22
2072 71.95 126.45
2073 72.03 126.02
2074 72.16 126.02
2075 72.17 126.52
2076 72.25 126.82
2077 72.31 126.84
2078 72.58 126.89
2079 72.76 127.13
2080 73.01 127.63
2081 73.03 128.04
2082 72.95 128.27
2083 72.72 128.17
2084 72.67 128.17
2085 72.7 128.23
2086 72.73 128.37
2087 72.68 128.52
2088 72.48 128.53
2089 72.28 128.1
2090 72.12 127.63
2091 71.99 127.07
2092 71.97 126.58
2093 72.14 126.25
2094 72.29 126.09
2095 72.53 126.37
2096 72.55 126.88
2097 72.55 127.42
2098 72.55 127.8
2099 72.47 128.25
2100 72.38 128.33
2101 72.3 128.19
2102 72.32 127.94
2103 72.38 127.76
2104 72.52 127.69
2105 72.57 127.8
2106 72.63 127.89
2107 72.69 127.94
2108 72.49 127.42
2109 71.9 127.24
2110 71.67 126.45
2111 71.82 126.13
2112 72.14 126.72
2113 72.58 127.55
2114 72.61 127.93
2115 72.46 127.88
2116 72.47 127.69
2117 72.38 127.66
2118 72.36 127.65
2119 72.42 127.79
2120 72.46 127.72
2121 72.38 127.57
2122 72.58 127.68
2123 72.62 127.92
2124 72.54 128.07
2125 72.33 128
2126 72.3 127.92
2127 72.32 127.77
2128 72.24 127.94
2129 72.38 128.26
2130 72.46 128.46
2131 72.4 128.43
2132 72.46 128.44
2133 72.47 128.66
2134 72.45 128.87
2135 72.49 128.87
2136 72.47 128.95
2137 72.43 128.92
2138 72.45 128.72
2139 72.54 128.63
2140 72.51 128.42
2141 72.33 128.34
2142 72.32 128.27
2143 72.42 128.21
2144 72.47 128.22
2145 72.64 128.47
2146 72.64 128.57
2147 72.59 128.62
2148 72.34 128.4
2149 72.09 127.98
2150 72 127.26
2151 71.99 126.07
2152 71.95 125.34
2153 71.89 125.13
2154 71.91 125.01
2155 71.95 125.09
2156 71.92 124.62
2157 71.9 124.87
2158 71.91 124.75
2159 71.92 124.82
2160 71.9 125.04
2161 72 125.45
2162 72.12 125.31
2163 72.21 125.77
2164 72.28 125.46
2165 72.19 126.08
2166 72.2 125.74
2167 72.2 125.53
2168 72.17 125.87
2169 72.2 125.69
2170 72.17 125.82
2171 72.16 126.18
2172 72.15 126.42
2173 72.23 126.94
2174 72.26 126.96
2175 72.33 126.8
2176 72.35 126.93
2177 72.24 126.92
2178 72.26 127.01
2179 72.38 127.32
2180 72.46 127.47
2181 72.42 127.46
2182 72.28 127.35
2183 72.22 127.37
2184 72.24 127.35
2185 72.43 127.65
2186 72.56 128
2187 72.55 127.78
2188 72.55 127.66
2189 72.48 128.13
2190 72.35 128.54
2191 72.72 129.2
2192 72.81 129.54
2193 72.77 129.81
2194 72.8 130.32
2195 72.8 130.77
2196 72.63 131.01
2197 72.46 131.09
2198 72.48 130.89
2199 72.38 130.57
2200 72.33 130.36
2201 72.2 129.93
2202 72.22 129.47
2203 72.22 129.08
2204 72.25 128.91
2205 72.28 128.34
2206 72.23 127.8
2207 72.13 127.01
2208 72.2 126.18
2209 72.13 125.78
2210 72.07 125.79
2211 72.18 126.18
2212 72.13 126.48
2213 72.26 126.86
2214 72.26 127.17
2215 72.2 127.31
2216 72.14 127.5
2217 72.22 127.69
2218 72.43 127.99
2219 72.32 128.07
2220 72.15 128.16
2221 72.26 128.02
2222 72.22 127.83
2223 71.87 127.73
2224 72.1 125.37
2225 71.71 125.56
2226 71.97 127.49
2227 72.38 127.79
2228 72.17 127.33
2229 72.11 127.46
2230 72.08 127.16
2231 71.97 127.05
2232 71.97 127.32
2233 72.06 127.15
2234 72.07 127.2
2235 72.19 127.47
2236 72.17 127.23
2237 72.22 127.05
2238 72.03 127.22
2239 72.12 127.23
2240 72.14 127.46
2241 72.05 127.28
2242 71.98 126.55
2243 71.88 124.89
2244 71.88 123.64
2245 71.95 122.28
2246 71.87 121.44
2247 71.91 120.93
2248 71.9 120.32
2249 72.28 120.28
2250 72.53 121.19
2251 72.42 122.26
2252 72.45 123.33
2253 72.51 124.27
2254 72.53 124.97
2255 72.47 125.53
2256 72.47 126.04
2257 72.47 126.48
2258 72.48 126.82
2259 72.46 127.12
2260 72.46 127.34
2261 72.47 127.5
2262 72.62 127.75
2263 72.56 127.98
2264 72.32 127.95
2265 72.47 127.83
2266 72.63 127.88
2267 72.73 128.33
2268 72.82 128.69
2269 72.86 128.74
2270 72.72 128.52
2271 72.69 128.47
2272 72.8 128.5
2273 72.83 128.56
2274 72.87 128.6
2275 72.81 128.6
2276 72.83 128.68
2277 72.83 128.75
2278 72.77 128.8
2279 72.68 128.64
2280 72.65 128.38
2281 72.7 128.38
2282 72.79 128.53
2283 72.84 128.75
2284 72.97 128.99
2285 72.89 128.98
2286 72.81 128.7
2287 72.78 128.58
2288 72.82 128.56
2289 72.82 128.48
2290 72.81 128.43
2291 72.8 128.33
2292 72.87 128.25
2293 72.86 128.15
2294 72.83 128.19
2295 72.88 128.16
2296 72.93 128.13
2297 72.9 128.05
2298 72.84 128.13
2299 72.99 128.18
2300 72.91 127.97
2301 72.86 128.06
2302 72.9 128.09
2303 72.97 128.06
2304 72.95 128.11
2305 72.77 128.04
2306 72.84 128.01
2307 72.9 127.98
2308 72.83 128.02
2309 72.8 128.05
2310 72.78 127.91
2311 72.82 127.85
2312 72.73 127.85
2313 72.71 127.82
2314 72.77 127.72
2315 72.73 127.62
2316 72.65 127.5
2317 72.69 127.37
2318 72.71 127.27
2319 72.6 127.1
2320 72.61 127.08
2321 72.6 127.05
2322 72.53 127.06
2323 72.46 127.06
2324 72.48 126.99
2325 72.4 126.93
2326 72.35 126.84
2327 72.48 126.88
2328 72.63 126.99
2329 72.48 127.07
2330 72.24 126.92
2331 72.13 126.61
2332 71.91 126.23
2333 71.87 126.07
2334 72.02 126.15
2335 72.13 126.31
2336 72.2 126.4
2337 72.28 126.41
2338 72.31 126.4
2339 72.28 126.38
2340 72.28 126.46
2341 72.26 126.43
2342 72.17 126.21
2343 72.21 126.07
2344 72.16 125.88
2345 72.13 125.79
2346 72.15 125.79
2347 72.17 125.66
2348 72.15 125.49
2349 72.02 125.5
2350 71.98 125.24
2351 72.05 125.03
2352 72.07 125.01
2353 72.08 125.05
2354 72.03 125.02
2355 71.98 124.94
2356 71.93 124.74
2357 71.96 124.66
2358 71.97 124.62
2359 72.06 124.61
2360 72.15 124.59
2361 72.3 124.68
2362 72.3 124.68
2363 72.2 124.7
2364 72.22 124.92
2365 72.19 125.29
2366 72.08 125.3
2367 72.07 125.22
2368 72.27 125.4
2369 72.12 125.36
2370 72.14 125.31
2371 72.14 125.41
2372 72.17 125.59
2373 72.19 125.93
2374 72.04 126.05
2375 71.65 126.17
2376 71.34 125.73
2377 71 125.29
2378 70.82 124.88
2379 70.99 124.76
2380 71.47 124.92
2381 71.72 125.28
2382 72.03 125.5
2383 72.18 125.56
2384 72.17 125.52
2385 72.16 125.53
2386 72.38 125.82
2387 72.45 126.19
2388 72.37 126.26
2389 72.31 126.54
2390 72.53 127.29
2391 72.61 127.78
2392 72.57 127.76
2393 72.62 128.02
2394 72.63 128.25
2395 72.8 128.66
2396 73.03 129.19
2397 73.05 129.51
2398 72.88 129.47
2399 72.55 129.08
2400 72.46 128.31
2401 72.61 127.99
2402 72.69 127.92
2403 72.66 127.86
2404 72.73 128.18
2405 72.76 128.35
2406 72.58 128.63
2407 72.66 128.67
2408 73.47 129.32
2409 73.92 130.29
2410 74.26 131.27
2411 74.23 131.94
2412 74.21 131.7
2413 74.22 130.91
2414 74.27 130.64
2415 74.45 130.8
2416 74.61 130.55
2417 74.63 130.28
2418 74.67 130.01
2419 74.95 129.64
2420 75.28 129.37
2421 75.47 129.3
2422 75.62 129.72
2423 76.09 130.24
2424 76.39 130.68
2425 76.49 131.05
2426 76.92 131.32
2427 76.68 131.12
2428 77 131.02
2429 77.42 131.01
2430 77.63 130.94
2431 77.97 131.07
2432 78.18 131.3
2433 78.51 131.46
2434 78.95 131.25
2435 79.44 131.03
2436 79.8 131.03
2437 80.23 131.01
2438 80.75 131.18
2439 81.46 131.22
2440 80.86 131.03
2441 80.74 131
2442 80.61 130.6
2443 80.57 130.2
2444 80.74 129.7
2445 81 129.33
2446 81.1 129.22
2447 80.82 129.32
2448 80.38 129.18
2449 80.05 128.72
2450 79.72 128.75
2451 79.46 128.72
2452 79.5 128.41
2453 79.22 127.88
2454 78.85 127.46
2455 78.39 127.08
2456 78.31 126.82
2457 78.22 126.73
2458 78.13 126.47
2459 78.1 126.57
2460 78.08 127.05
2461 78.06 127.65
2462 77.83 127.83
2463 77.79 127.78
2464 77.67 127.6
2465 77.58 127.51
2466 77.63 127.89
2467 77.45 127.66
2468 77.34 127.16
2469 77.18 126.47
2470 77.08 125.89
2471 77.01 126.03
2472 76.91 126.43
2473 76.86 126.97
2474 76.81 127.23
2475 76.74 127.32
2476 76.75 127.26
2477 76.76 127.35
2478 76.61 127.44
2479 76.45 127.24
2480 76.43 127.24
2481 76.51 127.47
2482 76.48 127.23
2483 76.35 126.79
2484 76.32 126.55
2485 76.48 126.88
2486 76.8 127.31
2487 76.92 127.18
2488 76.58 126.51
2489 75.88 125.72
2490 75.23 125.22
2491 74.89 124.77
2492 74.42 124.23
2493 74.04 124.12
2494 73.54 124.62
2495 73.27 124.73
2496 73.25 125.07
2497 73.38 125.38
2498 73.34 126.18
2499 73.17 126.37
2500 72.94 126.1
2501 72.73 125.46
2502 72.52 124.7
2503 72.49 124.45
2504 72.87 124.51
2505 72.84 124.9
2506 72.75 125.4
2507 72.65 125.33
2508 72.55 125.27
2509 72.47 125.37
2510 72.43 125.38
2511 72.41 125
2512 72.33 123.84
2513 72.28 123.36
2514 72.18 123.3
2515 72.22 122.92
2516 72.2 122.77
2517 72.03 122.72
2518 72.08 122.82
2519 72.06 122.89
2520 72.01 123.02
2521 72.03 122.92
2522 72.05 122.72
2523 72.01 122.55
2524 71.95 122.46
2525 72.12 122.75
2526 72.14 123.07
2527 72.08 123.31
2528 72.05 123.43
2529 72.01 123.28
2530 71.92 123.08
2531 71.93 122.95
2532 72.03 122.9
2533 71.97 122.81
2534 71.98 122.77
2535 71.98 122.72
2536 71.91 122.77
2537 71.82 122.97
2538 71.8 123.07
2539 71.8 123.06
2540 71.73 122.95
2541 71.72 122.91
2542 71.77 122.66
2543 71.75 122.21
2544 71.75 122.08
2545 71.73 121.93
2546 71.7 121.83
2547 71.7 121.66
2548 71.72 121.63
2549 71.8 121.73
2550 71.79 121.87
2551 71.79 121.98
2552 71.83 122.12
2553 71.78 122.08
2554 71.77 122.02
2555 71.71 121.85
2556 71.66 121.76
2557 71.72 121.62
2558 71.68 121.4
2559 71.68 121.36
2560 71.73 121.31
2561 71.75 121.38
2562 71.75 121.43
2563 71.76 121.54
2564 71.76 121.68
2565 71.68 121.75
2566 71.68 121.71
2567 71.66 121.65
2568 71.65 121.65
2569 71.62 121.61
2570 71.57 121.67
2571 71.57 121.56
2572 71.58 121.47
2573 71.68 121.53
2574 71.65 121.79
2575 71.58 121.93
2576 71.51 121.58
2577 71.57 121.1
2578 71.61 120.94
2579 71.65 121.19
2580 71.64 121.04
2581 71.68 120.75
2582 71.79 120.8
2583 71.77 120.6
2584 71.73 119.57
2585 71.75 119.82
2586 71.75 121.07
2587 71.84 122.15
2588 72 122.91
2589 72.09 123.62
2590 72.17 124.32
2591 72.23 124.88
2592 72.28 125.42
2593 72.3 125.83
2594 72.31 126.22
2595 72.28 126.53
2596 72.33 126.73
2597 72.4 127.15
2598 72.51 127.59
2599 72.47 127.95
2600 72.54 128.24
2601 72.55 128.52
2602 72.46 128.63
2603 72.42 128.89
2604 72.49 129.18
2605 72.51 129.39
2606 72.65 129.52
2607 72.86 129.84
2608 72.81 130
2609 72.92 130.15
2610 72.98 130.37
2611 73.13 130.56
2612 73.42 131.03
2613 73.51 131.13
2614 73.74 131.35
2615 74.1 131.47
2616 74.46 131.71
2617 74.76 131.91
2618 74.12 131.76
2619 73.53 131.19
2620 73.29 130.72
2621 73.18 130.05
2622 73.09 129.85
2623 72.83 129.72
2624 72.69 129.14
2625 72.72 129.39
2626 72.82 130.45
2627 72.76 130.93
2628 72.72 130.83
2629 72.73 130.75
2630 72.76 130.99
2631 72.86 131.41
2632 72.88 131.58
2633 72.78 131.58
2634 72.68 131.42
2635 72.59 131.2
2636 72.14 130.84
2637 71.95 130.47
2638 71.82 130.09
2639 71.8 129.47
2640 71.72 129.48
2641 71.44 128.8
2642 71.33 128.13
2643 71.33 127.92
2644 71.22 128.12
2645 71.19 128.43
2646 71.93 128.74
2647 72.2 129.1
2648 72.07 129.27
2649 72.02 129.39
2650 72.26 129.62
2651 72.45 130.07
2652 72.61 130.57
2653 72.73 130.62
2654 72.86 130.72
2655 72.81 130.79
2656 72.98 130.77
2657 73.12 130.71
2658 73.22 130.79
2659 73.23 130.97
2660 73.43 131.25
2661 73.6 131.31
2662 73.82 131.14
2663 73.87 130.84
2664 73.76 130.58
2665 74.23 130.88
2666 74.65 131.12
2667 74.92 131.01
2668 74.86 130.9
2669 74.72 130.75
2670 74.14 130.33
2671 73.76 129.93
2672 73.42 129.48
2673 72.97 128.91
2674 72.69 128.68
2675 72.81 128.54
2676 72.89 128.74
2677 73.15 128.99
2678 73.27 128.9
2679 73.47 129.04
2680 73.68 129
2681 73.88 128.99
2682 73.97 128.81
2683 73.91 128.77
2684 73.61 128.78
2685 73.43 128.63
2686 73.29 128.33
2687 73.13 127.73
2688 73.02 127.67
2689 72.73 127.79
2690 72.57 127.77
2691 72.42 127.4
2692 72.22 127.26
2693 72.05 127.37
2694 71.8 127.43
2695 71.8 126.38
2696 71.72 126.12
2697 71.33 126.64
2698 71.42 126.63
2699 71.44 126.82
2700 71.3 126.85
2701 71.27 126.83
2702 71.42 126.74
2703 71.41 126.55
2704 71.47 126.43
2705 71.67 126.34
2706 71.68 126.23
2707 71.67 125.92
2708 71.57 125.59
2709 71.7 125.48
2710 71.63 125.49
2711 71.65 125.52
2712 71.72 125.41
2713 71.75 125.23
2714 71.64 125.13
2715 71.53 124.81
2716 71.45 124.7
2717 71.38 124.49
2718 71.45 124.46
2719 71.31 124.36
2720 71.18 124.32
2721 71.09 124.05
2722 71.15 122.91
2723 71.28 121.92
2724 71.44 122.03
2725 71.61 121.72
2726 71.7 123.17
2727 71.81 123.18
2728 71.87 123.45
2729 71.83 123.16
2730 71.82 123.67
2731 71.8 123.38
2732 71.8 123.97
2733 71.81 123.99
2734 71.73 123.9
2735 71.73 123.7
2736 71.88 124.07
2737 71.93 124.54
2738 71.86 124.88
2739 71.79 125.2
2740 71.76 125.02
2741 71.8 124.91
2742 71.8 124.93
2743 71.77 124.75
2744 71.69 124.9
2745 71.71 125.11
2746 71.97 125.65
2747 72.03 125.71
2748 71.89 125.51
2749 71.87 125.62
2750 71.84 125.29
2751 71.85 125.1
2752 71.87 124.96
2753 72.01 124.83
2754 72.23 125.11
2755 72.14 125.56
2756 72.24 125.54
2757 72.3 125.4
2758 72.23 125.54
2759 72.25 125.8
2760 72.31 125.94
2761 72.22 125.95
2762 72.17 126.07
2763 72.14 125.82
2764 72.14 125.73
2765 72.15 125.8
2766 72.18 125.78
2767 72.21 125.67
2768 72.2 125.73
2769 72.25 125.83
2770 72.42 125.9
2771 72.42 125.86
2772 72.42 125.81
2773 72.41 125.81
2774 72.33 125.58
2775 72.37 125.2
2776 72.31 124.95
2777 72.11 124.83
2778 72.14 124.73
2779 72.18 124.96
2780 72.27 125.01
2781 72.32 125.08
2782 72.43 125.3
2783 72.59 125.38
2784 72.68 125.54
2785 72.9 125.57
2786 73.04 125.54
2787 73.2 125.69
2788 73.25 125.65
2789 73.32 125.49
2790 73.38 125.25
2791 73.52 125.31
2792 73.76 125.45
2793 73.94 125.66
2794 74.15 125.87
2795 74.43 125.91
2796 74.71 126.09
2797 74.99 126.23
2798 75.37 126.19
2799 75.61 126.18
2800 76 126.38
2801 76.48 126.65
2802 76.87 126.82
2803 77.55 126.87
2804 78.48 126.93
2805 78.78 127.07
2806 79.57 127.12
2807 80.06 127.17
2808 79.17 126.83
2809 78.41 126.42
2810 77.72 126.13
2811 76.42 125.94
2812 75.57 125.6
2813 74.66 125.61
2814 74.28 124.65
2815 74.21 124.11
2816 74.48 124.67
2817 74.93 125.38
2818 75.6 125.68
2819 76.34 126.04
2820 76.87 126.34
2821 77.88 126.72
2822 78.73 126.95
2823 79.13 127.06
2824 78.65 127.1
2825 77.72 126.84
2826 77.35 126.67
2827 76.85 125.47
2828 76.97 123.67
2829 76.62 123.37
2830 74.43 123
2831 73.19 122.58
2832 74.15 122.16
2833 75.07 123.26
2834 74.77 124.93
2835 73.65 124.99
2836 72.96 124.52
2837 72.94 123.49
2838 73.23 123.87
2839 73.39 124.02
2840 73.56 124.38
2841 73.58 124.72
2842 73.95 125.07
2843 74.36 125.23
2844 75.01 125.6
2845 75.79 126.05
2846 77.02 126.14
2847 77.94 126.3
2848 79.31 126.47
2849 82.54 126.45
2850 84.14 126.38
2851 83.07 126.54
2852 81.67 126.17
2853 81.13 125.88
2854 80.37 125.71
2855 79.59 125.68
2856 78.46 125.57
2857 77.78 125.51
2858 78.23 125.86
2859 78.05 126.53
2860 78.06 126.92
2861 77.8 126.76
2862 77.19 126.59
2863 76.58 126.68
2864 76.1 126.92
2865 75.55 126.95
2866 76.05 126.75
2867 77.28 126.88
2868 78.75 127.8
2869 80.59 129.06
2870 81.89 130.4
2871 81.2 131.18
2872 79.34 130.74
2873 76.78 129.16
2874 74.63 127.25
2875 73.04 125.86
2876 72.92 125.11
2877 73.21 125.38
2878 72.83 125.46
2879 72.42 125.31
2880 71.78 124.82
2881 71.12 124.49
2882 70.67 124.44
2883 70.49 124.4
2884 70.52 124.33
2885 70.3 124.71
2886 70.05 124.77
2887 70.31 124.74
2888 70.35 124.29
2889 70.28 124.07
2890 70.42 124.07
2891 70.78 124.32
2892 71.01 124.85
2893 71.13 125.23
2894 71.41 125.2
2895 71.54 125.12
2896 71.36 125.09
2897 71.2 125.13
2898 71.25 125.07
2899 71.07 124.79
2900 70.93 124.65
2901 71.01 124.31
2902 71.12 124.39
2903 71.1 124.72
2904 71.16 124.94
2905 71.28 125.02
2906 71.2 125.03
2907 71.18 125.26
2908 71.13 125.45
2909 71.13 125.75
2910 71.2 125.82
2911 71.1 125.9
2912 71.06 125.77
2913 71.18 125.55
2914 71.45 125.56
2915 71.48 125.87
2916 71.29 126.41
2917 71.45 126.78
2918 71.58 126.95
2919 71.43 126.98
2920 71.57 127.1
2921 71.86 127.22
2922 72.01 127.48
2923 72.04 127.68
2924 72.28 127.78
2925 72.56 127.76
2926 72.54 127.64
2927 72.71 127.73
2928 73.22 127.94
2929 73.76 127.96
2930 73.92 128.01
2931 73.03 128.11
2932 72.54 127.27
2933 72.33 126.38
2934 72.33 125.97
2935 72.27 125.62
2936 72.08 125.7
2937 72.14 125.66
2938 72.24 125.85
2939 72.3 125.94
2940 72.27 126.27
2941 72.12 126.21
2942 72.09 126.11
2943 72.22 125.97
2944 72.13 125.97
2945 72.17 126.27
2946 72.27 126.26
2947 72.33 126.28
2948 72.33 126.36
2949 72.46 126.42
2950 72.59 126.47
2951 72.51 126.57
2952 72.52 126.46
2953 72.72 126.23
2954 72.83 126.24
2955 72.95 126.5
2956 73.23 126.63
2957 73.51 126.7
2958 73.53 126.71
2959 73.47 126.72
2960 73.62 126.53
2961 73.78 126.51
2962 74.11 126.84
2963 76.12 127.92
2964 76.94 128.33
2965 74.43 126.73
2966 71.46 124.5
2967 70.75 123.28
2968 71.94 124.61
2969 73.22 126.28
2970 73.91 127.06
2971 73.93 126.71
2972 74.03 126.72
2973 74.39 126.96
2974 75.22 127.26
2975 76.24 127.37
2976 76.99 127.5
2977 77.82 126.48
2978 78.51 125.49
2979 78.48 125.19
2980 78.66 124.94
2981 79.26 124.86
2982 79.62 125.13
2983 79 125.53
2984 78.63 125.72
2985 78.85 125.46
2986 78.81 125.28
2987 77.9 125.38
2988 76.93 125.48
2989 76.68 125.92
2990 77.11 126.56
2991 77.49 126.67
2992 77.25 126.15
2993 77.16 125.77
2994 77.28 125.8
2995 77.57 125.93
2996 77.68 125.98
2997 77.54 125.92
2998 77.51 126.16
2999 77.68 126.31
3000 78.59 126.42
3001 78.9 126.6
3002 78.47 126.67
3003 77.82 126.61
3004 77.08 126.4
3005 76.6 126.13
3006 76.42 126.2
3007 76.08 126.1
3008 75.67 125.89
3009 75.3 125.88
3010 75.07 125.88
3011 74.88 125.77
3012 74.64 125.71
3013 74.36 125.54
3014 74.08 125.37
3015 73.83 125.27
3016 73.69 125.37
3017 73.47 125.21
3018 73.44 125.17
3019 73.51 125.42
3020 73.57 125.62
3021 73.58 125.72
3022 73.6 125.83
3023 73.63 125.85
3024 73.61 125.87
3025 73.63 125.85
3026 73.63 126.15
3027 73.72 126.57
3028 73.78 126.7
3029 73.77 126.87
3030 73.8 126.86
3031 73.85 127.02
3032 73.92 127.12
3033 73.99 126.85
3034 74.07 126.6
3035 74.17 126.44
3036 74.24 126.42
3037 74.42 126.59
3038 74.39 127.1
3039 74.16 127.4
3040 73.94 126.82
3041 73.84 126.16
3042 73.73 125.87
3043 73.67 125.86
3044 73.62 125.78
3045 73.45 125.64
3046 73.35 125.38
3047 73.26 125.4
3048 73.22 125.51
3049 73.14 125.44
3050 73.05 125.37
3051 73 125.32
3052 72.94 125.4
3053 72.9 125.45
3054 72.85 125.47
3055 72.87 125.67
3056 73.06 126.26
3057 72.95 126.59
3058 72.5 126.09
3059 72.51 125.48
3060 72.72 125.47
3061 72.98 125.76
3062 73.08 125.92
3063 73.09 126.06
3064 73.17 126.05
3065 73.24 125.93
3066 73.29 125.93
3067 73.27 125.79
3068 73.31 125.92
3069 73.37 126.09
3070 73.47 126.27
3071 73.47 126.31
3072 73.37 126.36
3073 73.41 126.43
3074 73.42 126.53
3075 73.37 126.47
3076 73.33 126.33
3077 73.32 126.42
3078 73.32 126.47
3079 73.3 126.57
3080 73.28 126.56
3081 73.31 126.54
3082 73.25 126.42
3083 73.26 126.58
3084 73.28 126.7
3085 73.3 126.83
3086 73.28 126.94
3087 73.2 126.71
3088 73.07 126.33
3089 72.97 126.07
3090 72.91 126.04
3091 72.97 126.15
3092 72.92 126.23
3093 72.86 126.19
3094 72.81 126.03
3095 72.83 125.77
3096 72.82 125.96
3097 72.74 126.4
3098 72.7 126.58
3099 72.7 126.22
3100 72.63 126.06
3101 72.58 125.87
3102 72.53 125.74
3103 72.36 125.83
3104 72.53 126.15
3105 72.55 126.01
3106 72.65 125.88
3107 72.66 126.02
3108 72.61 126.04
3109 72.57 126.67
3110 72.47 127.25
3111 72.4 127.48
3112 72.46 127.43
3113 72.52 127.16
3114 72.61 127.26
3115 72.68 127.64
3116 72.58 127.9
3117 72.47 127.38
3118 72.55 126.7
3119 72.61 126.88
3120 72.61 127.31
3121 72.55 126.92
3122 72.56 126.55
3123 72.68 126.71
3124 72.61 126.82
3125 72.6 126.29
3126 72.59 126.12
3127 72.5 126.62
3128 72.58 127.07
3129 72.58 127.24
3130 72.73 127.74
3131 72.66 127.96
3132 72.59 127.93
3133 72.56 127.53
3134 72.63 127.52
3135 72.79 127.95
3136 72.73 127.94
3137 72.82 128.07
3138 72.8 128.36
3139 72.73 128.27
3140 72.82 128.08
3141 72.87 128.1
3142 72.89 128.18
3143 72.87 128.11
3144 72.82 127.97
3145 72.85 127.91
3146 72.76 128.13
3147 72.75 128.38
3148 72.75 128.57
3149 72.77 128.44
3150 72.76 128.07
3151 72.67 128.18
3152 72.58 128.28
3153 72.72 128.36
3154 72.87 128.55
3155 72.69 128.44
3156 72.54 127.82
3157 72.53 127.02
3158 72.62 126.77
3159 72.44 127.18
3160 72.47 127.04
3161 72.52 126.97
3162 72.56 127.01
3163 72.47 127.48
3164 72.45 127.32
3165 72.55 126.93
3166 72.47 126.92
3167 72.53 126.57
3168 72.58 125.88
3169 72.66 125.56
3170 72.65 125.35
3171 72.62 125.42
3172 72.65 126.03
3173 72.54 126.74
3174 72.51 127.09
3175 72.63 126.99
3176 72.53 126.67
3177 72.42 126.01
3178 72.52 126.13
3179 72.55 126.63
3180 72.5 127.35
3181 72.62 127.92
3182 72.58 127.98
3183 72.46 128.19
3184 72.33 128.23
3185 72.48 127.66
3186 72.42 127.46
3187 72.33 127.3
3188 72.49 127.17
3189 72.53 126.57
3190 72.38 126.03
3191 72.46 125.97
3192 72.72 126.34
3193 72.56 126.32
3194 72.47 126.34
3195 72.61 126.42
3196 72.39 126.19
3197 72.47 126.08
3198 72.66 126.13
3199 72.68 126.2
3200 72.65 126.41
3201 72.71 126.76
3202 72.97 127.67
3203 72.87 127.76
3204 72.7 127.53
3205 72.79 127.29
3206 72.85 126.99
3207 72.8 126.92
3208 72.8 127.07
3209 72.85 127.49
3210 72.83 127.7
3211 72.81 127.96
3212 72.88 128.37
3213 73.13 128.81
3214 73.03 128.48
3215 73.11 128.08
3216 73.12 127.85
3217 73.12 127.79
3218 73.11 128.16
3219 73.23 128.76
3220 73.34 129.62
3221 73.4 130.01
3222 73.53 129.87
3223 73.63 129.49
3224 73.72 129.6
3225 74.04 130.07
3226 74.25 130.12
3227 74.23 130.19
3228 74.45 130.07
3229 74.73 130.13
3230 75.02 130.42
3231 75.18 130.67
3232 75.38 130.88
3233 75.67 131.12
3234 76.05 131.17
3235 76.45 131.21
3236 76.86 131.22
3237 77.35 130.88
3238 77.77 130.16
3239 78.28 130.1
3240 78.67 130.53
3241 78.8 130.86
3242 78.67 130.94
3243 78.44 130.92
3244 78.17 130.82
3245 77.73 130.18
3246 77.36 129.83
3247 77.22 129.93
3248 77.08 130.22
3249 76.85 130.28
3250 76.62 130.29
3251 76.27 130.21
3252 76.03 129.93
3253 75.75 129.18
3254 75.47 128.83
3255 75.14 128.77
3256 75.24 128.84
3257 75.41 129.1
3258 75.3 129.13
3259 75.31 129.17
3260 75.24 129.17
3261 75.33 129.01
3262 75.5 129.07
3263 75.49 129.29
3264 75.41 128.98
3265 75.58 128.98
3266 75.93 128.98
3267 75.97 128.59
3268 76.13 128.76
3269 76.3 128.8
3270 76.49 128.73
3271 76.62 128.36
3272 76.94 127.99
3273 77.49 128.38
3274 77.93 128.65
3275 78.38 128.89
3276 78.78 128.88
3277 79.17 129.05
3278 79.66 129.64
3279 80.29 130.01
3280 81.15 129.58
3281 82.03 129.51
3282 82.78 129.58
3283 84.07 129.53
3284 84.22 129.67
3285 82.6 129.61
3286 81.35 129.49
3287 80.8 129.86
3288 80.37 130.37
3289 80.12 130.35
3290 79.58 130.12
3291 78.98 129.63
3292 78.59 129.27
3293 78.41 129.4
3294 78.13 129.37
3295 77.86 129.25
3296 77.47 129.43
3297 76.38 129.21
3298 75.7 128.88
3299 75.49 128.96
3300 75.33 129.41
3301 75.16 129.78
3302 75.28 130.08
3303 75.45 130.45
3304 75.52 130.85
3305 75.58 131.14
3306 75.76 131.37
3307 76.02 131.57
3308 76.55 132.13
3309 76.97 132.33
3310 76.99 131.86
3311 77.22 131.78
3312 77.49 131.98
3313 77.62 132.19
3314 77.85 132.38
3315 78.02 132.42
3316 78.22 132.58
3317 78.18 132.52
3318 77.63 131.93
3319 77.27 131.38
3320 76.89 131.33
3321 76.33 130.89
3322 75.82 130.93
3323 75.63 131.3
3324 75.47 131.65
3325 75.41 132.11
3326 75.22 132.26
3327 74.94 132.1
3328 74.71 132.01
3329 74.3 131.72
3330 73.93 131.55
3331 73.95 131.64
3332 74.08 131.73
3333 74.32 131.59
3334 74.47 131.72
3335 74.72 132.06
3336 74.86 132.07
3337 74.88 131.92
3338 74.83 131.96
3339 74.85 132.06
3340 74.85 131.82
3341 75.07 131.79
3342 75.03 131.57
3343 75.12 131.64
3344 75.19 131.58
3345 75.29 131.53
3346 75.57 131.57
3347 76.02 131.83
3348 76.06 131.94
3349 76.15 131.95
3350 76.37 131.94
3351 76.73 131.53
3352 76.88 131.11
3353 76.9 130.94
3354 77.14 131.07
3355 78.77 131.73
3356 80.22 132.7
3357 80.22 132.73
3358 79.5 132.3
3359 77.98 131.3
3360 76.28 130.16
3361 75.02 129.43
3362 73.97 128.91
3363 73.32 128.32
3364 72.8 126.83
3365 72.37 126.16
3366 72.19 125.78
3367 72.21 126.67
3368 72.24 126.92
3369 72.3 127.55
3370 72.21 127.97
3371 72.2 128.17
3372 72.35 128.65
3373 72.53 129.02
3374 72.67 129.25
3375 72.82 129.47
3376 72.86 129.57
3377 72.82 129.64
3378 72.88 129.59
3379 73.08 129.58
3380 73.42 129.88
3381 73.65 130.12
3382 73.92 130.23
3383 74.22 130.13
3384 74.6 130.08
3385 74.88 130.07
3386 75.21 130.3
3387 75.44 130.27
3388 75.4 129.9
3389 75.03 129.49
3390 74.84 128.81
3391 74.72 128.71
3392 74.77 128.78
3393 74.95 129.09
3394 74.89 129.17
3395 74.59 129.19
3396 74.38 129.33
3397 74.58 129.41
3398 75.13 130.03
3399 75.53 130.33
3400 75.8 130.34
3401 76.1 130.37
3402 76.78 130.53
3403 77.59 130.78
3404 78.36 130.91
3405 78.91 130.87
3406 78.58 131.13
3407 77.96 131.07
3408 77.65 130.73
3409 77.62 130.58
3410 77.65 130.26
3411 77.83 130.13
3412 78.26 130.72
3413 78.62 131.18
3414 78.83 131.42
3415 79.48 131.88
3416 79.9 131.88
3417 79.96 131.65
3418 79.66 131.88
3419 79.04 131.75
3420 78.78 131.62
3421 78.33 131.24
3422 78.01 131.07
3423 78.25 131.43
3424 78.16 131.4
3425 77.88 131.23
3426 77.89 131.15
3427 77.68 131.06
3428 77.58 131.05
3429 77.6 131.05
3430 76.78 130.26
3431 76.49 129.95
3432 76.5 129.93
3433 76.59 130.01
3434 76.76 130.09
3435 76.94 130.27
3436 77.28 130.46
3437 77.32 130.42
3438 77.32 130.43
3439 77.27 130.51
3440 77.38 130.83
3441 77.31 130.38
3442 77.33 129.78
3443 77.54 129.85
3444 77.69 130.02
3445 77.63 129.88
3446 76.78 129.88
3447 75.88 129.75
3448 75.3 129.59
3449 74.76 128.33
3450 74.22 127.77
3451 73.78 127.25
3452 73.56 126.98
3453 73.44 126.93
3454 73.47 127.7
3455 73.19 128.24
3456 72.8 127.32
3457 72.66 126.55
3458 72.47 126.43
3459 72.42 126.59
3460 72.57 126.76
3461 72.77 127.72
3462 73.04 128.57
3463 73.27 128.82
3464 73.5 129.02
3465 73.84 129.38
3466 74.3 129.67
3467 74.76 129.88
3468 75.38 130.03
3469 76.06 130.07
3470 76.73 130.06
3471 77.63 130.2
3472 77.2 130.32
3473 76.7 129.89
3474 76.53 129.36
3475 76.39 129.13
3476 76.14 129.14
3477 75.93 128.68
3478 75.72 128.32
3479 75.49 128.27
3480 75.22 128.02
3481 74.88 127.93
3482 74.72 127.8
3483 74.45 128.13
3484 74.28 127.72
3485 74.13 127.56
3486 74.02 127.7
3487 73.85 127.44
3488 73.69 127.06
3489 73.52 127.51
3490 73.42 127.53
3491 73.53 127.24
3492 73.73 127.87
3493 73.93 127.99
3494 74.13 128.37
3495 74.28 128.65
3496 74.48 128.87
3497 74.61 129.12
3498 74.73 129.33
3499 74.88 129.35
3500 74.98 129.33
3501 75.07 129.24
3502 75.16 128.88
3503 75.31 129.05
3504 75.45 129.37
3505 75.57 129.18
3506 75.74 128.42
3507 75.94 128.07
3508 76.02 128.03
3509 76.19 128.05
3510 76.23 128.01
3511 76.38 127.69
3512 76.61 127.1
3513 76.8 126.99
3514 76.93 126.63
3515 76.94 126.78
3516 76.98 127.71
3517 77.06 128.59
3518 77.07 128.93
3519 77.03 128.82
3520 76.97 128
3521 76.95 127.58
3522 77.13 128.14
3523 77.31 128.59
3524 77.34 128.93
3525 77.45 129.09
3526 77.6 129.18
3527 77.7 129.39
3528 77.7 129.4
3529 77.66 129.32
3530 77.72 129.48
3531 77.6 129.49
3532 76.27 129.56
3533 75.05 128.38
3534 74.47 127.66
3535 74.08 127.56
3536 73.78 127.25
3537 73.56 126.65
3538 73.5 126.21
3539 73.08 127.38
3540 73.15 128.07
3541 73.18 128.02
3542 73.23 127.83
3543 73.41 128.2
3544 73.78 128.64
3545 74.15 128.95
3546 74.39 128.26
3547 74.18 128.27
3548 73.88 128.57
3549 73.77 128.89
3550 73.88 128.93
3551 73.91 128.82
3552 73.96 128.8
3553 73.89 128.94
3554 73.44 128.5
3555 73.11 128.23
3556 73.04 128.41
3557 73.26 128.58
3558 73.31 128.54
3559 73.17 128.32
3560 73.02 128.08
3561 73.03 128.12
3562 72.93 127.69
3563 72.89 127.45
3564 72.99 127.27
3565 73.17 127.18
3566 73.28 127.62
3567 73.31 128.02
3568 73.48 128.25
3569 73.57 128.1
3570 73.63 128.05
3571 73.72 127.92
3572 73.78 127.87
3573 73.9 127.83
3574 74.12 127.91
3575 74.3 127.88
3576 74.49 127.83
3577 74.65 127.82
3578 74.86 128.07
3579 75.04 128.23
3580 75.15 128.24
3581 75.21 128.65
3582 75.18 128.49
3583 75.14 128.13
3584 75.21 127.75
3585 75.19 127.57
3586 75.06 127.34
3587 74.95 127.46
3588 74.83 127.29
3589 74.76 127.23
3590 74.71 127.06
3591 74.53 126.9
3592 74.41 126.62
3593 74.3 126.46
3594 74.16 126.37
3595 74.02 126.1
3596 73.91 125.78
3597 73.71 125.68
3598 73.62 125.83
3599 73.58 125.85
3600 73.48 125.94
3601 73.36 126.34
3602 73.27 126.58
3603 73.17 126.52
3604 72.91 126.52
3605 72.71 126.58
3606 72.64 126.64
3607 72.63 126.39
3608 72.71 126.07
3609 72.86 126.02
3610 72.88 126.18
3611 72.97 126.57
3612 73.06 127.1
3613 73.12 127.39
3614 73.05 127.47
3615 73.15 127.64
3616 73.29 127.78
3617 73.3 128.03
3618 73.35 128.05
3619 73.35 128.01
3620 73.44 127.95
3621 73.56 128.28
3622 73.66 128.31
3623 73.66 128.27
3624 73.68 128.07
3625 73.74 128.13
3626 73.72 127.96
3627 73.8 127.76
3628 73.83 127.96
3629 73.85 127.72
3630 74.06 127.91
3631 74.05 128.13
3632 74.07 128.01
3633 74.08 128.13
3634 74.03 128.07
3635 74 127.99
3636 74.06 128.01
3637 74.07 127.97
3638 74.18 128.02
3639 74.29 127.89
3640 74.23 128.25
3641 74.07 128.57
3642 73.97 128.62
3643 73.98 128.73
3644 73.81 128.33
3645 73.62 127.94
3646 73.63 127.83
3647 73.68 127.8
3648 73.79 128.14
3649 73.92 128.28
3650 73.93 128.05
3651 73.86 127.58
3652 73.83 127.37
3653 73.91 127.31
3654 73.91 127.43
3655 73.92 127.65
3656 73.86 127.78
3657 73.73 127.62
3658 73.83 127.36
3659 73.83 127.12
3660 73.88 126.9
3661 73.86 126.66
3662 73.9 126.87
3663 73.94 127.29
3664 73.95 127.23
3665 74.08 127.11
3666 73.98 127.07
3667 73.79 127.14
3668 73.56 127.25
3669 73.4 127.02
3670 73.43 127.16
3671 73.64 127.7
3672 73.73 128.12
3673 73.75 128.14
3674 73.77 128.58
3675 73.82 129.71
3676 73.71 130.38
3677 73.58 130.43
3678 73.58 130.57
3679 73.63 130.41
3680 73.73 130.32
3681 73.85 130.35
3682 73.82 130.63
3683 73.48 130.62
3684 73.23 130.19
3685 73.21 129.89
3686 73.15 129.85
3687 73.12 130.07
3688 73.02 130.18
3689 72.97 130.15
3690 73.17 130.13
3691 73.2 130.13
3692 73.26 130.23
3693 73.37 130.46
3694 73.43 130.53
3695 73.62 130.59
3696 73.74 130.69
3697 73.91 130.55
3698 74.03 130.38
3699 73.83 130.31
3700 73.69 130.15
3701 73.47 129.69
3702 73.37 129.21
3703 73.34 128.86
3704 73.36 128.86
3705 73.27 129.07
3706 73.13 128.99
3707 73.4 128.95
3708 73.87 129.13
3709 74.31 129.5
3710 74.67 129.79
3711 75.06 129.91
3712 75.25 130.06
3713 75.39 129.91
3714 75.47 129.73
3715 75.64 129.44
3716 75.73 129.08
3717 75.75 129.01
3718 75.83 129.12
3719 75.95 129.15
3720 76.01 129.13
3721 76.04 129.17
3722 76.11 129.15
3723 76.21 129.31
3724 76.35 129.61
3725 76.48 129.86
3726 76.55 129.9
3727 76.85 130.05
3728 77.18 130.04
3729 77.03 129.9
3730 77.17 129.88
3731 77.96 130.06
3732 78.2 130.28
3733 78.74 130.75
3734 79.66 131.19
3735 80.49 131.33
3736 81.07 131.38
3737 81.57 131.23
3738 81.73 131.22
3739 82.2 131.18
3740 82.57 131.16
3741 83.27 131.2
3742 83.37 131.02
3743 82.87 130.91
3744 81.7 130.85
3745 80.68 130.79
3746 79.03 130.22
3747 77.48 129.38
3748 76.28 128.74
3749 76.18 128.46
3750 76.56 128.76
3751 76.71 129.18
3752 76.46 129.13
3753 76.26 128.88
3754 76.01 128.48
3755 75.49 127.73
3756 74.92 127.17
3757 74.47 127.07
3758 74.93 126.56
3759 75.24 124.95
3760 75.61 123.25
3761 76.36 121.01
3762 77.43 117.61
3763 78.28 115.53
3764 79.77 114.69
3765 82.53 114.3
3766 87.5 115.07
3767 89.82 115.47
3768 87.73 115.63
3769 82.83 114.61
3770 76.47 111.2
3771 77.23 111.05
3772 80.25 111.4
3773 83.06 112.14
3774 82.69 112.84
3775 82.67 113.13
3776 81.62 112.92
3777 79.47 112.54
3778 78.47 111.75
3779 76.68 111.12
3780 75.14 111.06
3781 74.71 111.07
3782 74.63 111.18
3783 75.27 111.3
3784 75.91 111.47
3785 77.94 111.79
3786 80.38 112.33
3787 82.42 112.62
3788 83.75 112.73
3789 83.81 112.64
3790 82.89 112.44
3791 81.15 112.24
3792 79.23 112.08
3793 78.07 111.83
3794 77.53 111.63
3795 77.08 111.75
3796 77.9 111.82
3797 77.59 112.44
3798 76.42 112.54
3799 75.9 112.3
3800 75.65 112.31
3801 75.34 112.5
3802 75.04 112.51
3803 74.34 112.86
3804 73.9 113.02
3805 73.39 112.89
3806 72.93 112.92
3807 72.56 113.08
3808 72.85 114.22
3809 73.13 114.53
3810 74.5 115.46
3811 76.19 115.86
3812 78.28 116.95
3813 80.72 117.56
3814 82.63 118.21
3815 83.29 118.88
3816 82.31 118.86
3817 81.73 118.25
3818 81.36 117.78
3819 81.57 117.71
3820 81.94 118
3821 83.68 118.3
3822 83.77 118.25
3823 82.56 117.99
3824 81.1 117.85
3825 81.32 118
3826 82.97 118.76
3827 83.6 119.28
3828 82.32 118.93
3829 81.25 118.4
3830 80.84 118.17
3831 80.47 117.98
3832 80.07 117.75
3833 80.08 117.64
3834 80.25 117.6
3835 79.21 117.71
3836 77.79 117.02
3837 77.32 116.56
3838 78.4 116.61
3839 77.65 116.13
3840 77.9 115.78
3841 79.26 115.9
3842 80.31 115.86
3843 80.57 115.83
3844 79.88 116.11
3845 79.06 116.38
3846 78.95 116.39
3847 79.22 116.5
3848 78.83 116.25
3849 78.25 115.92
3850 77.02 115.57
3851 75.22 115.08
3852 73.76 114.96
3853 73 115.17
3854 72.22 115.07
3855 71.47 114.71
3856 70.85 115.17
3857 70.88 115.81
3858 71.25 115.95
3859 71.34 116.42
3860 71.3 117.63
3861 71.73 118.41
3862 74.2 118.57
3863 75.43 118.6
3864 76.07 119.36
3865 76.81 120.43
3866 78.59 120.51
3867 80.76 120.39
3868 81.68 120.84
3869 82.84 121.49
3870 83.99 122.17
3871 85.01 122.78
3872 85.86 122.93
3873 86.03 123.19
3874 85.78 123.48
3875 85.81 123.57
3876 85.78 123.86
3877 84.85 124.16
3878 82.77 123.98
3879 81.07 123.16
3880 79.51 122.49
3881 78.2 122.17
3882 77.03 121.96
3883 76.19 121.66
3884 75.78 121.47
3885 75.8 121.74
3886 76.12 122.17
3887 77.03 121.74
3888 77.85 121.74
3889 78.53 121.99
3890 79.41 122.67
3891 80.65 123.28
3892 81.32 123.97
3893 81.45 124.4
3894 81.72 124.22
3895 82.08 124.13
3896 81.56 124.55
3897 80.85 124.67
3898 80.02 124.6
3899 78.71 124.35
3900 77.6 124.47
3901 76.66 124.71
3902 75.53 124.58
3903 74.61 124.07
3904 73.97 123.69
3905 73.68 123.78
3906 73.5 124.53
3907 73.29 125.18
3908 73.09 125.48
3909 72.96 125.84
3910 72.78 125.44
3911 72.68 123.94
3912 72.39 124.08
3913 72.23 125.1
3914 72.1 125.92
3915 71.98 126.46
3916 71.77 126.78
3917 71.51 127.11
3918 71.3 127.35
3919 70.89 127.02
3920 70.65 126.64
3921 70.63 126.45
3922 70.81 127.12
3923 71.03 128.23
3924 71.09 128.82
3925 71.12 128.93
3926 71.03 128.79
3927 71.16 128.85
3928 71.33 129.15
3929 71.46 129.4
3930 71.55 129.54
3931 71.52 129.67
3932 71.63 129.83
3933 71.86 129.88
3934 71.94 130.32
3935 72.12 130.64
3936 72.07 130.67
3937 71.85 130.5
3938 71.71 130.05
3939 71.65 129.79
3940 71.77 129.57
3941 71.83 129.39
3942 71.82 129.31
3943 71.93 129.26
3944 71.91 129.59
3945 72 129.71
3946 71.92 129.54
3947 71.84 129.52
3948 72.01 129.72
3949 71.98 129.7
3950 71.94 129.81
3951 71.97 129.88
3952 72.18 129.97
3953 72.25 130.13
3954 72.08 130.17
3955 72.19 130.18
3956 72.3 130.07
3957 72.33 130.15
3958 72.37 130.37
3959 72.53 130.38
3960 72.72 130.1
3961 72.86 130.12
3962 73.1 130.16
3963 73.44 130.27
3964 73.66 130.26
3965 73.89 130.23
3966 74.18 130.03
3967 74.18 129.77
3968 73.87 129.4
3969 73.61 129.12
3970 73.7 129.1
3971 73.85 129.1
3972 73.88 129.06
3973 73.94 128.99
3974 74.07 128.94
3975 74.18 128.99
3976 74.42 129.27
3977 74.5 129.38
3978 74.48 129.42
3979 74.47 129.43
3980 74.45 129.26
3981 74.6 128.94
3982 74.7 128.89
3983 74.67 128.85
3984 74.66 127.98
3985 74.74 127.36
3986 74.74 127.37
3987 74.68 127.68
3988 74.69 127.47
3989 74.63 126.99
3990 74.61 126.04
3991 74.62 124.87
3992 74.66 125.32
3993 74.55 126.42
3994 74.45 127.14
3995 74.53 127.68
3996 74.62 128.16
3997 74.66 128.38
3998 74.77 128.5
3999 74.77 128.69
4000 74.75 128.64
4001 74.72 128.41
4002 74.74 127.96
4003 74.7 127.23
4004 74.59 127.61
4005 74.54 127.69
4006 74.58 127.56
4007 74.66 127.47
4008 74.73 127.66
4009 74.72 127.49
4010 74.94 125.54
4011 75.03 125.38
4012 74.13 125.99
4013 73.17 125.64
4014 73.04 125.4
4015 73.32 126.51
4016 73.63 127.23
4017 73.66 127.71
4018 73.65 127.6
4019 73.7 127.77
4020 73.8 127.46
4021 73.89 127.25
4022 73.97 127.34
4023 74.02 127.09
4024 73.93 126.43
4025 73.71 125.82
4026 73.44 125.7
4027 73.23 125.67
4028 73.12 125.61
4029 73.03 125.44
4030 72.91 125.28
4031 72.89 125.39
4032 72.95 125.44
4033 72.94 125.42
4034 72.85 125.53
4035 72.63 125.59
4036 72.54 125.4
4037 72.6 125.09
4038 72.63 124.93
4039 72.59 124.85
4040 72.73 124.94
4041 72.89 125.02
4042 72.97 125.26
4043 73.01 125.55
4044 73 125.57
4045 72.81 125.22
4046 72.46 124.91
4047 72.31 124.73
4048 72.08 124.6
4049 71.92 124.26
4050 71.86 124.12
4051 71.87 124.17
4052 71.82 124.23
4053 71.71 124.24
4054 71.72 123.96
4055 71.68 123.76
4056 71.68 123.56
4057 71.68 123.5
4058 71.78 123.56
4059 71.7 123.68
4060 71.78 123.55
4061 71.78 123.17
4062 71.77 123.54
4063 71.8 124.22
4064 71.85 124.53
4065 71.88 124.95
4066 71.81 124.99
4067 71.9 124.76
4068 71.87 124.09
4069 71.91 124.28
4070 71.96 124.27
4071 72.06 124.37
4072 72.07 124.61
4073 71.67 124.71
4074 71.66 124.57
4075 72.12 124.33
4076 72.23 124.35
4077 72.18 124.3
4078 72.26 124.25
4079 72.31 123.7
4080 72.33 123.57
4081 72.31 123.56
4082 72.39 124.09
4083 72.33 124.34
4084 72.26 124.33
4085 72.22 123.91
4086 72.33 124.01
4087 72.43 124.04
4088 72.45 124.69
4089 72.43 125.05
4090 72.4 125.59
4091 72.35 125.59
4092 72.38 124.54
4093 72.4 124.27
4094 72.43 123.81
4095 72.52 123.59
4096 72.57 123.55
4097 72.64 123.93
4098 72.7 124.44
4099 72.68 124.74
4100 72.58 124.53
4101 72.56 124.04
4102 72.6 123.67
4103 72.61 123.39
4104 72.62 123.13
4105 72.71 123.23
4106 72.5 123.53
4107 72.29 123.73
4108 72.17 123.35
4109 72.09 123.14
4110 72.17 123.16
4111 72.34 123.69
4112 72.01 122.83
4113 72.18 122.24
4114 72.63 122.23
4115 72.58 123.4
4116 72.12 122.53
4117 71.43 121.27
4118 71.48 119.39
4119 71.87 118.96
4120 72.21 120.47
4121 72.39 122.53
4122 72.47 123.03
4123 72.33 123.29
4124 72.38 123.97
4125 72.5 124.3
4126 72.46 124.5
4127 72.5 124.8
4128 72.65 124.81
4129 72.53 124.1
4130 72.42 123.56
4131 72.67 123.76
4132 72.76 123.96
4133 72.68 124.12
4134 72.73 124.36
4135 72.79 124.45
4136 72.72 124.55
4137 72.47 124.24
4138 72.31 123.74
4139 72.2 123.53
4140 72.15 123.29
4141 72.09 123.11
4142 72.01 122.72
4143 72.08 122.7
4144 72.12 123.18
4145 72.19 123.58
4146 72.28 124
4147 72.34 123.33
4148 72.31 122.27
4149 72.26 121.07
4150 72.38 121.38
4151 72.43 122.39
4152 72.28 123.13
4153 72.29 123.33
4154 72.26 122.08
4155 72.3 120.68
4156 72.23 120.85
4157 72.14 122.42
4158 72.25 122.37
4159 72.3 122.7
4160 72.29 123.74
4161 72.22 124.19
4162 72.3 122.97
4163 72.36 121.99
4164 72.32 121.76
4165 72.29 121.65
4166 72.31 121.35
4167 72.17 120.74
4168 72.23 119.97
4169 72.24 120.39
4170 72.27 121.88
4171 72.25 121.94
4172 72.24 122.05
4173 72.26 122.14
4174 72.3 122.17
4175 72.33 122.05
4176 72.44 122.26
4177 72.54 122.43
4178 72.71 122.69
4179 72.72 122.64
4180 72.84 122.65
4181 72.83 123.11
4182 72.85 123.39
4183 72.87 123.58
4184 72.86 123.92
4185 72.9 124.12
4186 72.88 124
4187 72.9 123.91
4188 72.91 123.98
4189 72.93 124.19
4190 72.88 124.28
4191 72.81 124.22
4192 72.78 124.43
4193 72.73 124.49
4194 72.51 124
4195 72.55 123.71
4196 72.56 123.53
4197 72.6 123.57
4198 72.58 123.67
4199 72.58 123.76
4200 72.54 123.82
4201 72.47 123.71
4202 72.53 123.74
4203 72.43 123.55
4204 72.52 123.6
4205 72.47 123.6
4206 72.43 123.74
4207 72.46 123.8
4208 72.34 123.71
4209 72.38 123.85
4210 72.32 123.75
4211 72.36 123.69
4212 72.33 123.08
4213 72.24 122.7
4214 72.22 122.35
4215 72.26 121.76
4216 72.23 121.64
4217 72.22 121.51
4218 72.1 121.69
4219 72.02 121.81
4220 71.99 121.55
4221 71.82 120.69
4222 71.78 119.96
4223 71.78 120.56
4224 71.72 122.26
4225 71.65 121.28
4226 71.69 119.95
4227 71.85 119.7
4228 71.87 119.87
4229 72.03 119.72
4230 72.88 120.32
4231 73.06 120.01
4232 73.13 120.04
4233 73.13 119.84
4234 72.35 119.07
4235 71.47 118.43
4236 71.65 118.32
4237 71.92 118.59
4238 72.22 118.87
4239 72.47 119.74
4240 72.76 120.67
4241 72.55 122.89
4242 72.2 123.58
4243 72.6 124.48
4244 72.63 124.82
4245 72.49 125.39
4246 72.56 126.25
4247 72.39 125.76
4248 72.22 124.13
4249 72.06 125.15
4250 72.55 126.09
4251 72.85 126.87
4252 72.51 124.89
4253 72.41 123.64
4254 72.13 124.68
4255 72.81 126
4256 73.57 127.32
4257 73.52 127.33
4258 73.03 126.79
4259 72.99 126.7
4260 72.93 124.55
4261 72.17 122.76
4262 72 123.53
4263 72.42 123.38
4264 72.31 122.45
4265 71.65 122.17
4266 71.89 122.21
4267 71.98 122.37
4268 71.96 122.31
4269 71.59 122.33
4270 72.03 122.21
4271 72.17 123.06
4272 71.92 122.7
4273 72.02 122.73
4274 72.18 122.46
4275 72.24 122.49
4276 72.19 123.28
4277 71.95 123.08
4278 71.85 123
4279 71.88 122.67
4280 72.03 122.38
4281 71.95 122.14
4282 71.89 121.96
4283 71.62 121.78
4284 71.85 122.11
4285 71.87 122.16
4286 71.72 122.26
4287 71.84 122.6
4288 72.26 123.04
4289 72.05 122.32
4290 71.89 122.71
4291 71.82 122.83
4292 71.78 122.34
4293 71.94 122.56
4294 72.24 122.97
4295 72.23 123.55
4296 71.82 123.26
4297 71.78 122.61
4298 71.87 122.31
4299 71.92 122.71
4300 72.12 122.9
4301 72.23 122.99
4302 72.22 123.38
4303 72.19 122.62
4304 72.12 122.3
4305 72.04 122.21
4306 72.1 121.97
4307 72.13 121.78
4308 71.97 121.58
4309 71.78 121.41
4310 72.12 121.55
4311 72.08 121.37
4312 71.77 121.02
4313 71.6 121.28
4314 71.75 122.51
4315 71.93 122.08
4316 71.95 122.27
4317 71.97 123.5
4318 71.94 123.66
4319 71.87 123.94
4320 71.79 123.61
4321 71.84 123.75
4322 71.98 123.38
4323 72.02 124.05
4324 72.1 124.8
4325 72.09 125.57
4326 71.98 124.51
4327 71.96 123.25
4328 72.13 122.15
4329 72.33 124.17
4330 72.53 125.09
4331 72.53 125.34
4332 72.53 126.08
4333 72.65 126.87
4334 72.73 127.13
4335 72.87 127.63
4336 72.83 127.95
4337 72.89 127.46
4338 72.97 127.06
4339 73.02 126.94
4340 73.2 126.77
4341 73.3 126.72
4342 73.48 126.75
4343 73.37 127.13
4344 73.22 127.01
4345 73.11 126.46
4346 73.17 126.27
4347 73.25 126.77
4348 73.23 127.11
4349 73.17 127.37
4350 73.17 127.52
4351 73.08 127.28
4352 73.15 126.82
4353 73.29 126.18
4354 73.45 126.39
4355 73.46 126.86
4356 73.44 127.38
4357 73.45 127.87
4358 73.48 127.42
4359 73.41 127.07
4360 73.49 127.32
4361 73.66 127.67
4362 73.73 127.89
4363 73.72 127.75
4364 73.9 127.77
4365 74.08 127.73
4366 74.4 127.82
4367 74.69 127.99
4368 74.73 128.11
4369 74.76 127.97
4370 74.85 127.72
4371 74.9 127.33
4372 75.07 127.4
4373 75.22 127.52
4374 75.33 127.46
4375 75.46 127.44
4376 75.66 127.44
4377 75.99 127.95
4378 76.12 128.43
4379 76.33 128.82
4380 76.82 129.22
4381 76.73 129.09
4382 76.63 129.33
4383 76.9 130.13
4384 76.68 130.04
4385 76.14 129.49
4386 75.96 129.27
4387 75.85 129.28
4388 75.41 129.07
4389 75.53 129.52
4390 75.47 129.49
4391 75.27 129.43
4392 75.15 129.48
4393 74.82 129.28
4394 74.89 129.23
4395 75.03 129.15
4396 74.85 128.75
4397 74.74 128.57
4398 74.89 128.72
4399 74.58 128.48
4400 73.73 127.75
4401 73.18 127.33
4402 73.51 127.34
4403 74.28 127.8
4404 74.93 128.42
4405 74.95 128.62
4406 74.71 128.42
4407 74.67 128.3
4408 74.47 128.43
4409 74.12 128.28
4410 73.38 127.72
4411 72.97 126.1
4412 72.83 124.59
4413 72.93 125.86
4414 72.94 126.91
4415 72.72 127.02
4416 72.3 126.62
4417 71.87 125.04
4418 71.23 123.89
4419 70.55 122.94
4420 70.05 122.58
4421 70.37 121.02
4422 70.25 122.19
4423 69.92 120.43
4424 69.92 119.47
4425 70.51 120.66
4426 71.59 121.32
4427 72.16 123.15
4428 72.47 124.32
4429 72.93 125.31
4430 73.17 126.18
4431 73.17 126.89
4432 72.91 127.49
4433 72.81 127.48
4434 72.74 126.56
4435 72.85 127.17
4436 73.02 127.58
4437 73.05 127.75
4438 73.2 128.38
4439 73.3 129.07
4440 73.07 129.75
4441 72.89 129.78
4442 72.58 129.63
4443 72.28 129.16
4444 72.01 128.34
4445 71.84 127.42
4446 72.16 126.94
4447 72.47 127.44
4448 72.79 128.4
4449 72.85 129.61
4450 72.63 130.23
4451 72.29 130.24
4452 72.17 129.82
4453 71.95 129.49
4454 71.91 129.19
4455 72.19 129.16
4456 72.32 129.09
4457 72.41 129.26
4458 72.6 129.62
4459 72.73 129.85
4460 72.75 129.83
4461 72.73 129.91
4462 72.8 130.19
4463 72.82 130.25
4464 72.73 130.41
4465 72.75 130.58
4466 72.81 130.57
4467 72.95 130.68
4468 72.97 130.89
4469 72.98 130.93
4470 73.03 130.84
4471 73.01 130.88
4472 73.1 131.06
4473 73.1 131.14
4474 73.18 131.23
4475 73.24 131.21
4476 73.31 131.14
4477 73.37 131.02
4478 73.47 131.07
4479 73.54 131.22
4480 73.67 131.28
4481 73.78 131.15
4482 73.83 131.1
4483 73.55 131.24
4484 73.43 131.08
4485 73.27 130.81
4486 73.27 130.52
4487 73.1 130.44
4488 73.07 130.49
4489 73.03 130.58
4490 72.82 130.59
4491 72.46 130.4
4492 72.16 129.98
4493 72.02 129.47
4494 72.16 129.18
4495 72.35 129.24
4496 72.38 129.2
4497 72.33 129
4498 72.4 128.75
4499 72.43 128.47
4500 72.44 128.06
4501 72.4 127.73
4502 72.4 127.27
4503 72.4 126.88
4504 72.47 126.8
4505 72.58 126.96
4506 72.64 126.79
4507 72.57 126.53
4508 72.44 126.33
4509 72.3 126.05
4510 72.28 125.91
4511 72.25 125.52
4512 72.28 125.82
4513 72.35 125.33
4514 72.4 124.83
4515 72.4 124.99
4516 72.43 125.08
4517 72.42 124.37
4518 72.4 124.63
4519 72.43 124.82
4520 72.53 124.69
4521 72.64 124.47
4522 72.58 124.76
4523 72.57 125.1
4524 72.63 124.96
4525 72.61 124.73
4526 72.6 124.77
4527 72.53 124.96
4528 72.42 124.84
4529 72.4 124.94
4530 72.51 125.01
4531 72.5 124.91
4532 72.47 124.83
4533 72.37 124.64
4534 72.43 124.64
4535 72.52 124.63
4536 72.6 124.83
4537 72.69 125
4538 72.76 125.33
4539 72.73 125.59
4540 72.82 125.95
4541 72.77 126.07
4542 72.67 126.17
4543 72.58 126.29
4544 72.38 126.18
4545 72.32 126.36
4546 72.3 126.47
4547 72.21 126.53
4548 72.23 126.79
4549 72.24 126.96
4550 72.25 127.06
4551 72.22 127.09
4552 72.28 127.39
4553 72.13 127.56
4554 71.89 127.4
4555 71.85 127.19
4556 71.9 127.36
4557 72.02 127.71
4558 72.13 128.25
4559 72.13 128.4
4560 72.07 128.48
4561 72.08 128.51
4562 71.98 128.58
4563 71.93 128.7
4564 71.91 128.7
4565 71.89 128.62
4566 71.97 128.71
4567 72.17 128.92
4568 72.36 128.94
4569 72.4 128.67
4570 72.47 128.63
4571 72.63 128.58
4572 72.82 128.42
4573 72.97 128.03
4574 72.99 127.62
4575 73.18 127.16
4576 73.08 127.56
4577 73.24 127.13
4578 73.39 126.53
4579 73.46 126.26
4580 73.49 126.86
4581 73.61 127.05
4582 73.68 126.4
4583 73.79 126.38
4584 73.96 126.74
4585 74.16 126.59
4586 74.23 126.58
4587 74.3 126.48
4588 74.5 126.32
4589 74.59 126.58
4590 74.7 126.73
4591 74.96 126.47
4592 75.14 127.02
4593 75.38 126.73
4594 75.64 127.13
4595 75.72 125.94
4596 75.39 125.62
4597 75.07 125.08
4598 74.84 124.79
4599 74.42 124.3
4600 74.1 124.62
4601 73.89 124.44
4602 73.82 124.2
4603 73.95 125.35
4604 74.08 125.98
4605 74.22 125.91
4606 74.11 126.4
4607 74.28 126.01
4608 74.53 126.29
4609 74.86 126.57
4610 74.98 126.92
4611 75.11 126.89
4612 75.25 126.68
4613 75.57 126.96
4614 76.06 127.43
4615 76.67 127.94
4616 77.15 128.17
4617 77.13 128.22
4618 76.78 128.07
4619 76.32 127.81
4620 75.83 127.73
4621 75.48 127.94
4622 75.29 128.13
4623 74.97 128.24
4624 74.73 128.08
4625 74.39 127.82
4626 74.15 127.87
4627 74.26 127.99
4628 74.61 128.16
4629 74.99 128.66
4630 75.11 129.02
4631 75.47 129.51
4632 75.92 130.02
4633 76.42 130.31
4634 77.03 130.76
4635 77.57 131.02
4636 77.42 130.98
4637 76.98 130.77
4638 76.97 130.68
4639 77.05 130.8
4640 77.02 130.82
4641 76.83 130.69
4642 76.6 130.37
4643 76.58 130.33
4644 76.94 130.53
4645 76.91 130.74
4646 76.53 130.46
4647 76.1 129.99
4648 75.85 129.79
4649 75.81 129.67
4650 75.75 129.11
4651 75.75 128.14
4652 75.65 127.5
4653 75.42 127.17
4654 75.22 127.3
4655 75.21 127.71
4656 75.07 128.02
4657 74.96 128.18
4658 74.99 128.44
4659 75.17 128.73
4660 75.29 129.02
4661 75.36 128.89
4662 75.28 127.67
4663 75.12 127.42
4664 75.05 127.59
4665 74.98 127.22
4666 74.98 126.47
4667 74.89 125.59
4668 74.89 124.95
4669 74.88 124.26
4670 74.84 124.22
4671 74.88 124.16
4672 74.99 124.55
4673 74.91 124.79
4674 74.88 124.85
4675 74.93 125.18
4676 75.23 126.09
4677 75.59 127.36
4678 75.88 128.24
4679 76.21 128.47
4680 76.5 128.58
4681 76.75 128.48
4682 77.01 128.81
4683 77.23 129.16
4684 77.55 128.96
4685 77.69 128.67
4686 77.7 128.53
4687 77.87 128.85
4688 78.17 129.13
4689 78.47 129.04
4690 78.94 129.2
4691 79.23 129.55
4692 79.46 129.61
4693 79.82 129.45
4694 80.34 129.23
4695 81.01 129.08
4696 81.11 129.06
4697 80.44 129.08
4698 79.56 129.32
4699 79.07 129.32
4700 78.47 128.98
4701 77.72 128.77
4702 77.33 128.78
4703 77.07 129.16
4704 76.95 129.08
4705 76.83 129.04
4706 76.58 129.32
4707 76.2 129.82
4708 75.96 130.16
4709 75.6 130.3
4710 75.13 130.14
4711 74.85 129.87
4712 75.04 129.54
4713 75.81 129.66
4714 76.39 129.62
4715 76.92 129.42
4716 77.62 129.31
4717 78.43 129.4
4718 79.3 129.54
4719 80.24 129.98
4720 81.17 130.4
4721 82.1 130.92
4722 82.98 130.91
4723 83.81 131.02
4724 84.07 131.3
4725 83.83 131.63
4726 83.66 131.64
4727 83.64 131.52
4728 83.76 131.45
4729 83.9 130.93
4730 84.08 130.29
4731 84.17 129.85
4732 84.08 129.57
4733 84.01 129.42
4734 82.89 129.36
4735 81.68 129.07
4736 80.85 128.62
4737 80.23 128.36
4738 79.57 128.21
4739 78.67 127.91
4740 78.03 127.65
4741 77.32 127.47
4742 76.82 127.33
4743 76.38 127.02
4744 76.97 127.01
4745 78.3 127.63
4746 79.54 128.59
4747 79.97 129.17
4748 79.9 129.39
4749 79.14 129.4
4750 78.48 129.09
4751 77.98 128.67
4752 77.56 128.68
4753 77.27 128.78
4754 77.06 128.63
4755 76.88 128.26
4756 76.93 128.29
4757 76.89 128.46
4758 76.83 128.55
4759 76.58 128.42
4760 76.25 128.24
4761 75.98 128.23
4762 75.77 128.29
4763 75.64 128.32
4764 75.53 128.21
4765 75.49 128.38
4766 75.41 128.41
4767 75.28 128.22
4768 75.17 128.04
4769 74.89 127.99
4770 74.53 127.97
4771 74.52 128.18
4772 74.76 128.48
4773 74.82 128.84
4774 74.68 128.91
4775 74.47 128.6
4776 74.2 128.31
4777 73.97 128.47
4778 73.54 128.43
4779 73.42 128.18
4780 73.65 127.99
4781 73.82 128.14
4782 74.03 128.18
4783 74.29 128.27
4784 74.59 128.48
4785 74.82 128.53
4786 75.03 128.44
4787 74.67 128.36
4788 74.35 128.17
4789 74.37 128.25
4790 74.36 128.04
4791 74.38 127.91
4792 74.27 127.67
4793 74.1 127.36
4794 73.98 127.28
4795 73.85 127.4
4796 73.73 127.73
4797 73.56 127.78
4798 73.47 127.82
4799 73.4 127.81
4800 73.27 127.66
4801 73.07 127.96
4802 72.99 128.31
4803 72.94 128.5
4804 72.96 128.47
4805 73.09 128.31
4806 73.14 128.18
4807 73.27 128.57
4808 73.5 129.06
4809 73.64 129.45
4810 73.87 129.9
4811 74 130.36
4812 73.9 130.88
4813 73.78 130.97
4814 73.77 130.53
4815 73.69 130.62
4816 73.65 130.54
4817 73.68 129.86
4818 73.69 129.5
4819 73.66 129.93
4820 73.6 130.48
4821 73.6 130.17
4822 73.63 129.8
4823 73.62 130.12
4824 73.7 130.57
4825 73.66 131.15
4826 73.73 131.48
4827 73.78 131.91
4828 73.83 132.24
4829 73.94 132.18
4830 73.95 131.97
4831 74.09 131.87
4832 74.09 131.66
4833 74.15 131.7
4834 74.18 131.71
4835 74.24 131.62
4836 74.22 131.38
4837 74.32 131.15
4838 74.37 131.07
4839 74.55 130.89
4840 74.63 130.62
4841 74.63 130.53
4842 74.68 130.48
4843 74.83 130.06
4844 74.94 130.24
4845 74.98 130.45
4846 75.04 130.41
4847 74.88 130.53
4848 74.76 130.5
4849 74.81 130.24
4850 74.8 130.24
4851 74.88 130.4
4852 74.92 130.46
4853 74.82 130.17
4854 74.81 130.05
4855 74.8 130.5
4856 74.76 130.34
4857 74.72 130
4858 74.6 129.88
4859 74.48 129.5
4860 74.32 129.18
4861 74.22 129.03
4862 74.09 128.95
4863 74.06 129.06
4864 74.06 129.34
4865 74.07 129.48
4866 74.11 129.52
4867 74.04 129.38
4868 74.03 129.43
4869 74.08 129.72
4870 74.23 129.95
4871 74.3 129.92
4872 74.42 129.86
4873 74.47 130.02
4874 74.58 130.32
4875 74.24 130.57
4876 73.52 130.52
4877 73.09 129.68
4878 72.98 129.28
4879 73.07 128.95
4880 73.25 129.15
4881 73.43 129.55
4882 73.59 130.13
4883 73.48 130.55
4884 73.27 130.21
4885 73 129.68
4886 72.8 129.15
4887 72.63 128.76
4888 72.62 128.47
4889 72.65 128.35
4890 72.65 128.19
4891 72.79 128.2
4892 72.83 128.12
4893 72.75 127.93
4894 72.76 127.77
4895 72.77 127.75
4896 72.72 127.72
4897 72.53 127.64
4898 72.48 127.36
4899 72.63 127.37
4900 72.77 127.56
4901 72.71 127.59
4902 72.5 127.39
4903 72.38 127.09
4904 72.33 126.99
4905 72.44 126.93
4906 72.45 126.85
4907 72.34 126.83
4908 72.29 126.63
4909 72.26 126.53
4910 72.34 126.91
4911 72.33 127.09
4912 72.25 126.92
4913 72.25 126.57
4914 72.28 126.47
4915 72.32 126.38
4916 72.37 126.36
4917 72.39 126.35
4918 72.33 126.44
4919 72.43 126.6
4920 72.45 126.65
4921 72.48 126.7
4922 72.47 126.79
4923 72.46 126.83
4924 72.52 126.83
4925 72.47 126.93
4926 72.29 126.77
4927 72.18 126.33
4928 72.22 126.03
4929 72.32 125.87
4930 72.4 125.93
4931 72.46 125.93
4932 72.46 125.9
4933 72.49 125.78
4934 72.52 125.76
4935 72.57 125.78
4936 72.56 125.72
4937 72.51 125.58
4938 72.55 125.39
4939 72.4 125.29
4940 72.38 125.14
4941 72.46 125.09
4942 72.47 125.21
4943 72.6 125.4
4944 72.62 125.36
4945 72.6 125.25
4946 72.61 125.13
4947 72.56 125.12
4948 72.55 125.13
4949 72.52 125.26
4950 72.52 125.27
4951 72.47 125.26
4952 72.43 125.23
4953 72.41 124.93
4954 72.38 124.63
4955 72.34 124.47
4956 72.34 124.35
4957 72.38 124.3
4958 72.35 124.13
4959 72.37 124.12
4960 72.23 124.03
4961 72.19 123.94
4962 72.19 124.02
4963 72.23 124.09
4964 72.19 124.03
4965 72.23 123.85
4966 72.18 123.78
4967 72.17 123.61
4968 72.21 123.39
4969 72.2 123.33
4970 72.23 123.38
4971 72.25 123.28
4972 72.22 123.22
4973 72.15 123.08
4974 72.17 122.87
4975 72.15 122.97
4976 72.1 123.37
4977 72.08 123.58
4978 72.03 123.38
4979 72.22 123.26
4980 72.41 123.19
4981 72.46 123.26
4982 72.47 123.48
4983 72.57 123.68
4984 72.82 124.13
4985 72.87 124.33
4986 73.03 124.53
4987 73.09 124.73
4988 73.11 124.89
4989 73 125.06
4990 72.87 124.82
4991 72.75 124.37
4992 72.66 124.24
4993 72.45 124.14
4994 72.17 123.81
4995 72.13 123.6
4996 72.27 123.66
4997 72.24 123.89
4998 72.36 124.13
4999 72.35 124.31
5000 72.14 124.25
5001 71.93 124.04
5002 71.78 123.61
5003 72.05 123.33
5004 72.17 123.46
5005 72.29 123.74
5006 72.3 123.78
5007 72.43 123.78
5008 72.51 124.08
5009 72.58 124.36
5010 72.71 124.46
5011 72.89 124.78
5012 73.18 124.94
5013 73.55 125
5014 73.54 125.13
5015 73.5 124.78
5016 73.44 124.73
5017 73.63 124.73
5018 73.89 124.72
5019 74.02 124.65
5020 74.12 124.61
5021 74.28 124.58
5022 74.42 125.06
5023 74.61 125.57
5024 74.63 125.84
5025 74.72 125.81
5026 74.81 125.86
5027 74.77 125.63
5028 74.84 125.63
5029 74.97 125.43
5030 75.08 125.4
5031 75.28 125.46
5032 75.55 125.47
5033 75.74 125.53
5034 75.9 125.87
5035 75.98 125.92
5036 76.06 125.78
5037 75.97 125.96
5038 75.98 126.13
5039 75.96 126.07
5040 75.97 125.85
5041 75.98 125.93
5042 75.98 126.72
5043 75.91 127.25
5044 75.57 127.2
5045 75.38 126.68
5046 75.16 126.24
5047 75.05 126.23
5048 75.05 126.42
5049 75.2 126.57
5050 75.78 126.63
5051 76.07 126.28
5052 76.23 126.36
5053 76.33 127.1
5054 76.68 127.62
5055 76.94 127.51
5056 76.83 127.36
5057 77.17 127.39
5058 77.48 127.64
5059 77.67 128.13
5060 78.12 128.44
5061 78.4 128.48
5062 77.41 128.2
5063 76.91 127.7
5064 76.65 126.79
5065 76.53 126.11
5066 76.12 125.72
5067 75.78 126.12
5068 75.38 126.61
5069 74.88 126.48
5070 74.57 125.93
5071 75.13 125.55
5072 75.78 126.06
5073 76.2 126.11
5074 76.51 125.73
5075 77.11 125.3
5076 77.92 125.6
5077 78.67 125.92
5078 79.71 126.25
5079 80.64 126.67
5080 80.65 126.88
5081 79.56 126.54
5082 78.77 126
5083 78.39 125.14
5084 78.04 124.64
5085 77.63 124.42
5086 77.55 124.48
5087 77.38 124.42
5088 77.24 124.37
5089 76.9 124.54
5090 76.6 124.98
5091 76.32 125.08
5092 76.29 125.28
5093 76.2 125.42
5094 75.46 125.18
5095 74.56 124.77
5096 74.69 125.09
5097 74.92 125.77
5098 74.32 125.69
5099 73.37 125.18
5100 73.19 124.51
5101 73.53 124.92
5102 73.86 125.95
5103 73.98 126.48
5104 73.77 126.31
5105 73.53 125.69
5106 73.47 125.31
5107 73.69 125.32
5108 73.89 125.75
5109 73.84 126.28
5110 73.84 126.86
5111 73.8 126.92
5112 73.84 126.68
5113 73.97 127.02
5114 74.18 127.81
5115 74.42 128.27
5116 74.72 128.21
5117 75.03 128.03
5118 75.1 127.79
5119 75.32 127.67
5120 75.67 127.58
5121 76.1 127.53
5122 76.48 127.77
5123 76.27 127.97
5124 75.94 127.63
5125 75.58 127.54
5126 75.53 127.33
5127 75.47 126.77
5128 75.08 126.34
5129 74.78 125.92
5130 75.01 125.78
5131 75.87 126.04
5132 76.72 126.48
5133 77.24 126.58
5134 77.59 126.83
5135 77.98 127.12
5136 78.4 127.43
5137 78.85 127.39
5138 78.73 127.14
5139 78.59 126.78
5140 78.6 126.65
5141 78.79 126.57
5142 78.94 126.4
5143 78.96 126.39
5144 79.02 126.49
5145 78.89 126.58
5146 78.89 126.55
5147 78.78 126.78
5148 78.64 126.74
5149 78.56 126.63
5150 78.41 126.47
5151 78.28 126.05
5152 78.11 125.98
5153 78.28 126.17
5154 78.38 126.38
5155 78.57 126.18
5156 78.63 126.01
5157 78.67 125.82
5158 78.48 125.62
5159 78.24 125.28
5160 77.96 124.88
5161 78 125.03
5162 78.34 125.11
5163 78.56 125.03
5164 78.57 125
5165 78.29 124.99
5166 78.15 124.74
5167 78.06 124.32
5168 77.61 123.64
5169 76.82 123.1
5170 76.09 122.92
5171 75.68 122.89
5172 75.72 122.42
5173 75.88 121.43
5174 76.56 119.93
5175 76.33 117.67
5176 76.28 114.46
5177 76.42 112.43
5178 78.19 110.63
5179 80.87 110.45
5180 85.48 111.13
5181 81.5 108.31
5182 80.56 108.36
5183 79.45 108.26
5184 79.13 107.97
5185 78.3 107.75
5186 77.47 107.61
5187 77.38 107.75
5188 77.61 108.01
5189 78.03 108.19
5190 77.6 108.24
5191 76.67 108.05
5192 75.65 107.61
5193 74.83 107.19
5194 74.78 107.54
5195 74.97 108.86
5196 76.02 110.33
5197 76.08 110.18
5198 75.17 109.54
5199 74.39 109.11
5200 74.06 109
5201 73.53 108.89
5202 73.28 108.67
5203 73.18 108.84
5204 72.91 109.05
5205 72.24 109.3
5206 71.98 109.27
5207 71.65 109.16
5208 71.34 108.79
5209 71.37 108.39
5210 71.29 108.39
5211 71.29 108.13
5212 71.13 108.06
5213 71.04 107.66
5214 70.95 107.65
5215 70.91 107.84
5216 70.82 108.01
5217 70.42 108.08
5218 68.92 106.34
5219 68.85 106.97
5220 69.28 107.35
5221 69.48 107.31
5222 69.76 107.8
5223 70.17 108.46
5224 70.35 109.56
5225 70.3 110.54
5226 70.09 110.91
5227 69.91 111.39
5228 69.98 111.77
5229 70.07 112.01
5230 70.12 112.52
5231 70.14 112.75
5232 70.41 113.33
5233 70.53 114.18
5234 71.11 114.65
5235 71.38 115.28
5236 71.55 116.3
5237 71.77 117.2
5238 71.82 117.44
5239 71.58 117.5
5240 71.3 117.73
5241 71.27 118.01
5242 71.62 118.17
5243 71.96 118.8
5244 72.33 119.57
5245 72.98 120.41
5246 73.78 120.22
5247 75.04 120.79
5248 76.32 121.6
5249 76.95 121.57
5250 77.02 121.42
5251 76.58 121.23
5252 76.12 121.29
5253 76.11 121.45
5254 76.91 120.84
5255 77.47 120.66
5256 76.69 120.56
5257 74.33 119.91
5258 72.39 118.44
5259 71.32 116.7
5260 70.93 115.56
5261 70.75 115.35
5262 70.55 115.69
5263 70.32 115.69
5264 70.38 114.92
5265 70.94 114.16
5266 71.95 114.77
5267 73.6 116.02
5268 75.16 116.67
5269 77.07 116.93
5270 80.19 117.89
5271 81.78 119.86
5272 82.33 121.13
5273 80.47 120.65
5274 77.83 119.43
5275 76.82 118.77
5276 76.64 119.89
5277 76.11 120.63
5278 75.45 121.02
5279 75.13 121.23
5280 75.05 121.37
5281 75.02 121.69
5282 74.95 121.97
5283 74.88 122.24
5284 74.9 122.98
5285 74.93 123.17
5286 74.8 122.33
5287 74.73 121.18
5288 74.56 120.85
5289 74.34 120.97
5290 74.23 120.65
5291 74.24 121.15
5292 74.44 121.52
5293 74.94 121.88
5294 75.44 122.28
5295 75.84 122.97
5296 76.2 123.4
5297 76.26 124.13
5298 75.45 124.82
5299 74.83 124.46
5300 74.6 124.2
5301 74.36 124.05
5302 73.96 123.91
5303 73.98 123.85
5304 74.42 124.56
5305 75.1 125.28
5306 75.56 125.29
5307 75.9 124.98
5308 76.27 124.65
5309 76.37 124.8
5310 76.57 125.02
5311 76.94 125.24
5312 77.27 125.34
5313 77.48 125.53
5314 77.78 125.99
5315 77.88 126.53
5316 78.33 127.51
5317 79.06 128.02
5318 79.13 128.19
5319 78.35 128.02
5320 77.51 127.72
5321 76.91 127.38
5322 76.46 127.09
5323 76.02 127
5324 75.73 126.95
5325 75.26 126.76
5326 74.85 126.75
5327 74.61 126.74
5328 74.47 126.97
5329 74.59 127.58
5330 74.86 128.11
5331 75.07 128.08
5332 74.97 127.66
5333 74.49 127.28
5334 73.67 126.78
5335 73.2 126.34
5336 73 125.87
5337 72.88 125.83
5338 72.72 126.09
5339 72.65 126.02
5340 72.64 125.79
5341 72.58 125.57
5342 72.47 125.67
5343 72.34 125.38
5344 72.3 125.34
5345 72.19 125.38
5346 72.05 125.49
5347 72 125.41
5348 72 125.29
5349 71.95 125.08
5350 71.72 124.76
5351 71.64 124.39
5352 71.7 124.26
5353 71.61 124.34
5354 71.65 124.48
5355 71.68 124.3
5356 71.64 124.28
5357 71.52 124.5
5358 71.46 124.4
5359 71.5 124.32
5360 71.5 124.24
5361 71.41 124.27
5362 71.39 124.25
5363 71.42 123.97
5364 71.33 124.17
5365 71.35 124.42
5366 71.43 124.54
5367 71.42 124.57
5368 71.26 124.19
5369 71.36 124.03
5370 71.41 123.93
5371 71.4 123.94
5372 71.43 124.03
5373 71.39 123.88
5374 71.42 123.96
5375 71.45 124.12
5376 71.55 124.21
5377 71.48 124.3
5378 71.49 124.26
5379 71.55 123.99
5380 71.46 123.72
5381 71.42 123.47
5382 71.41 123.26
5383 71.41 123.13
5384 71.53 122.9
5385 71.62 123.19
5386 71.58 123.53
5387 71.59 123.73
5388 71.46 123.69
5389 71.35 123.62
5390 71.5 123.73
5391 71.68 123.82
5392 71.75 124.04
5393 71.86 124.23
5394 71.84 124.18
5395 71.69 124.01
5396 71.63 123.99
5397 71.68 124.12
5398 71.7 123.93
5399 71.8 124.07
5400 72.02 124.44
5401 72.04 124.78
5402 72.11 125.04
5403 72.2 125.43
5404 72.17 125.7
5405 72.22 126.13
5406 72.3 126.46
5407 72.28 126.73
5408 72.22 126.96
5409 72.28 126.72
5410 72.29 126.65
5411 72.29 126.54
5412 72.27 126.6
5413 72.32 126.77
5414 72.33 126.57
5415 72.28 126.56
5416 72.43 126.84
5417 72.45 127.09
5418 72.39 127.15
5419 72.4 127.22
5420 72.33 127.3
5421 72.33 127.27
5422 72.41 127.19
5423 72.35 127.23
5424 72.28 127.35
5425 72.11 127.15
5426 72.05 126.81
5427 72.15 126.54
5428 72.25 126.32
5429 72.25 126.32
5430 72.21 126.16
5431 72.07 125.9
5432 72.06 125.85
5433 72.1 125.73
5434 72.13 125.72
5435 72.15 125.64
5436 72.3 125.48
5437 72.33 125.53
5438 72.28 125.62
5439 72.26 125.66
5440 72.33 125.72
5441 72.31 125.74
5442 72.48 126.07
5443 72.64 126.22
5444 72.43 126.23
5445 72.33 126.15
5446 72.28 125.98
5447 72.48 126.27
5448 72.14 125.02
5449 70.86 123.83
5450 69.47 122.29
5451 68.92 121.43
5452 70.06 122.61
5453 71.33 124.74
5454 71.98 125.63
5455 71.84 125.18
5456 71.76 124.69
5457 71.84 124.33
5458 71.94 124.26
5459 71.87 124.22
5460 71.77 124.05
5461 71.73 123.78
5462 71.8 123.65
5463 71.98 123.86
5464 72.03 123.98
5465 71.93 124.17
5466 71.81 124.03
5467 71.67 123.83
5468 71.56 123.5
5469 71.56 123.34
5470 71.56 123.53
5471 71.44 123.67
5472 71.52 123.89
5473 71.29 123.88
5474 71.26 123.7
5475 71.4 123.78
5476 71.47 123.82
5477 71.46 123.71
5478 71.51 123.68
5479 71.43 123.38
5480 71.39 123.17
5481 71.42 123.13
5482 71.2 122.99
5483 71.42 123.6
5484 71.5 123.72
5485 71.54 123.82
5486 71.38 124.01
5487 71.28 124.31
5488 71.2 123.87
5489 71.12 123.28
5490 71.28 123.52
5491 71.37 123.76
5492 71.36 123.78
5493 71.46 124.32
5494 71.57 124.47
5495 71.65 124.65
5496 71.83 124.76
5497 71.73 124.66
5498 71.63 124.68
5499 71.65 124.88
5500 71.54 125.04
5501 71.52 124.77
5502 71.63 124.32
5503 71.58 124.11
5504 71.68 124.28
5505 71.83 124.25
5506 72.04 124.57
5507 72.38 125.22
5508 72.51 125.9
5509 72.54 126.45
5510 72.49 126.59
5511 72.37 126.63
5512 72.21 126.59
5513 72.12 126.47
5514 71.72 126.05
5515 71.56 125.65
5516 71.54 125.56
5517 71.58 125.32
5518 71.7 125.17
5519 71.79 125.22
5520 71.7 125.41
5521 71.8 125.42
5522 71.58 124.75
5523 71.57 124.25
5524 71.59 123.94
5525 71.59 123.46
5526 71.73 123.18
5527 71.82 123.49
5528 71.87 123.9
5529 71.88 124.05
5530 72.04 124.34
5531 72.09 124.49
5532 72 124.69
5533 72.04 124.98
5534 72.07 125.31
5535 72.1 125.77
5536 72.16 126
5537 72.13 126.28
5538 72.04 126.58
5539 71.95 126.49
5540 71.84 126.37
5541 71.74 126.37
5542 71.78 126.71
5543 71.76 126.75
5544 71.83 126.67
5545 71.77 126.57
5546 71.75 126.73
5547 71.81 126.89
5548 71.82 126.88
5549 71.9 127.13
5550 72.03 127.63
5551 72.07 127.96
5552 71.98 127.98
5553 72.06 128.11
5554 72.03 128.33
5555 72.1 128.71
5556 72.18 128.86
5557 72.04 129.01
5558 72.15 129.09
5559 72.25 129.31
5560 72.43 129.81
5561 72.38 130.04
5562 72.17 130.06
5563 72.08 129.84
5564 72.15 129.76
5565 72.18 129.89
5566 72.31 130.02
5567 72.28 130.12
5568 72.22 130.17
5569 72.28 130.16
5570 72.33 130.35
5571 72.33 130.44
5572 72.41 130.62
5573 72.43 130.52
5574 72.36 129.98
5575 72.39 129.66
5576 72.47 129.67
5577 72.51 129.4
5578 72.49 128.93
5579 72.37 128.77
5580 72.16 128.7
5581 72.01 128.28
5582 71.95 128.12
5583 71.95 128.38
5584 72.1 128.47
5585 72.38 128.82
5586 72.4 129.01
5587 72.4 128.75
5588 72.49 128.77
5589 72.53 128.82
5590 72.56 128.51
5591 72.55 128.6
5592 72.52 128.57
5593 72.49 128.36
5594 72.47 128.56
5595 72.39 128.85
5596 72.42 128.8
5597 72.35 128.54
5598 72.38 128.38
5599 72.37 128.4
5600 72.28 128.26
5601 72.23 127.76
5602 72.34 127.27
5603 72.39 127.04
5604 72.48 127.32
5605 72.42 126.89
5606 72.45 126.23
5607 72.43 125.75
5608 72.46 125.33
5609 72.56 125.38
5610 72.59 125.42
5611 72.6 125.04
5612 72.62 125.01
5613 72.34 124.67
5614 72.16 124.03
5615 72.14 123.6
5616 72.24 123.72
5617 72.2 123.68
5618 72.14 123.62
5619 72.15 123.29
5620 72.05 122.98
5621 72.08 122.78
5622 72.06 122.84
5623 72.03 123.05
5624 72.12 123.25
5625 72.19 123.44
5626 72.22 123.32
5627 72.29 123.39
5628 72.35 123.43
5629 72.49 123.39
5630 72.45 123.28
5631 72.37 123.23
5632 72.59 123.31
5633 72.9 123.29
5634 72.83 123.4
5635 72.72 123.4
5636 72.71 123.18
5637 72.84 122.97
5638 73.16 122.88
5639 73.4 123.01
5640 73.47 123.18
5641 73.57 123.47
5642 73.62 123.6
5643 73.59 123.93
5644 73.69 124.39
5645 73.79 124.71
5646 73.86 125.09
5647 74.01 125.13
5648 74.07 124.75
5649 74.25 124.91
5650 74.43 125.08
5651 74.62 125.54
5652 74.88 125.85
5653 75.13 125.57
5654 75.37 124.67
5655 75.54 123.94
5656 75.82 123.63
5657 76.17 123.6
5658 76.54 123.66
