1 73.64 123.58 172.76
2 73.63 123.64 172.68
3 73.68 123.58 172.68
4 73.64 123.54 172.67
5 73.49 123.73 172.75
6 73.29 123.82 172.73
7 73.15 123.73 172.66
8 73.15 123.78 172.5
9 73.12 123.88 172.36
10 72.97 124.01 172.22
11 72.82 123.97 172.13
12 72.81 123.68 171.88
13 72.52 123.24 170.93
14 72.19 123.01 169.9
15 71.77 122.69 169.38
16 71.97 122.26 169.01
17 72.21 122.5 168.66
18 72.33 122.88 168.55
19 72.15 122.62 168.83
20 72.07 122.35 168.94
21 72.1 122.25 168.88
22 72.2 122.22 168.78
23 72.23 122.23 168.83
24 72.27 122.11 168.78
25 72.22 121.99 168.68
26 72.17 121.95 168.68
27 72.2 121.97 168.65
28 72.17 121.85 168.52
29 72.13 121.88 168.53
30 72.02 121.83 168.55
31 72 121.93 168.63
32 71.99 122.07 168.51
33 71.96 121.98 168.51
34 71.95 121.88 168.54
35 71.82 121.84 168.68
36 71.82 121.86 168.78
37 71.9 121.84 168.67
38 71.93 121.77 168.67
39 71.93 121.72 168.76
40 71.88 121.73 168.9
41 71.93 121.6 168.95
42 72.02 121.58 168.91
43 72.13 121.72 168.98
44 72.15 121.84 169.18
45 72.16 121.72 169.22
46 72.17 121.68 169.12
47 72.14 122.07 169.01
48 71.99 121.95 169.33
49 72.12 121.58 169.98
50 72.33 121.69 170.39
51 72.4 122.03 170.73
52 72.4 122.17 170.96
53 73.29 123.47 172.07
54 73.22 123.13 172.14
55 72.47 122.17 171.64
56 72.33 121.96 171.4
57 72.31 122.01 171.13
58 72.33 122.09 170.96
59 72.34 122.32 170.81
60 72.33 122.51 170.7
61 72.39 122.63 170.63
62 72.4 122.65 170.63
63 72.5 122.71 170.55
64 72.47 122.53 170.34
65 72.36 122.43 170.25
66 72.29 122.22 170.12
67 72.24 122.1 169.87
68 72.28 122.16 169.7
69 72.28 122.3 169.51
70 72.15 122.3 169.33
71 72.08 122.32 169.27
72 72.08 122.31 169.25
73 72.07 122.34 169.12
74 71.98 122.57 169.11
75 72.02 122.78 169.35
76 72.05 122.81 169.38
77 72 122.79 169.41
78 72.15 122.97 169.44
79 72.13 122.9 169.5
80 72.14 122.93 169.45
81 72.17 122.89 169.39
82 72.12 122.83 169.53
83 72.22 122.76 169.83
84 72.33 122.85 169.63
85 72.28 123.04 169.58
86 72.25 123.23 169.81
87 72.25 123.23 169.93
88 72.17 123.12 169.94
89 72.19 123.15 170.13
90 72.33 123.36 170.09
91 72.33 123.52 169.88
92 72.31 123.56 170.07
93 72.37 123.63 170.33
94 72.5 123.63 170.39
95 72.46 123.75 170.52
96 72.52 123.89 170.68
97 72.54 123.96 170.75
98 72.53 123.82 170.93
99 72.57 123.61 171.22
100 72.63 123.58 170.99
101 72.58 123.75 171.07
102 72.74 123.86 171.33
103 72.8 123.91 171.31
104 72.79 123.97 171.35
105 72.87 124.04 171.61
106 73.04 124.2 171.71
107 73.1 124.37 171.71
108 73.09 124.34 171.72
109 73.07 124.39 171.74
110 73.06 124.33 171.68
111 73.01 124.36 171.43
112 72.93 124.43 171.32
113 72.77 124.23 171.12
114 72.69 124.13 170.87
115 72.49 123.84 170.38
116 72.33 123.7 170.1
117 72.28 123.53 169.79
118 72.17 123.44 169.52
119 72.17 123.36 169.47
120 72.17 123.23 169.26
121 72.25 123.39 169.27
122 72.38 123.68 169.58
123 72.39 124.02 169.89
124 72.47 124.07 170.18
125 72.53 124.13 170.45
126 72.53 124.26 170.72
127 72.56 124.31 170.69
128 72.54 124.38 170.82
129 72.71 124.42 170.9
130 72.67 124.43 170.99
131 72.74 124.49 171.09
132 72.83 124.62 171.09
133 72.97 124.85 171.11
134 73.1 125 171.38
135 73.29 125 171.59
136 73.53 125.03 171.72
137 73.73 125.16 171.57
138 73.93 125.42 171.71
139 73.96 125.47 171.81
140 73.82 125.22 171.87
141 73.72 124.87 171.77
142 73.75 124.56 171.48
143 73.78 124.64 171.32
144 73.88 124.73 171.15
145 73.83 124.75 171.03
146 73.83 124.53 170.84
147 73.69 124.32 170.76
148 73.62 124.16 170.65
149 73.62 124.03 170.57
150 73.54 123.95 170.27
151 73.53 123.97 170.14
152 73.42 123.69 170.2
153 73.36 123.36 170.2
154 73.23 123.22 169.95
155 73.2 123.13 169.8
156 73.18 122.98 169.72
157 73.07 122.94 169.77
158 72.95 122.87 169.81
159 72.96 122.99 169.77
160 73.03 123.03 169.63
161 73.03 123.15 169.77
162 73.02 123.06 169.79
163 72.9 123.08 169.86
164 72.85 123.2 169.88
165 72.86 123.33 169.79
166 72.92 123.33 169.69
167 73.05 123.63 169.78
168 73.14 123.91 169.98
169 73.28 124.07 170.14
170 73.27 124.06 170.24
171 73.37 124.15 170.48
172 73.47 124.24 170.64
173 73.45 124.42 170.77
174 73.45 124.32 170.77
175 73.48 124.23 170.8
176 73.55 124.16 170.78
177 73.58 124.14 170.76
178 73.61 124.32 170.82
179 73.63 124.32 170.74
180 73.72 124.43 170.66
181 73.75 124.47 170.74
182 73.75 124.63 170.88
183 73.78 124.7 170.85
184 73.78 124.78 170.87
185 73.96 125.14 170.61
186 74.16 124.88 169.51
187 73.78 124.2 169.56
188 73.22 123.59 170.82
189 73.09 123.09 171.58
190 73.7 124.03 171.68
191 74.48 125.14 172.09
192 74.72 125.77 173.35
193 74.48 125.73 174.45
194 74.47 125.63 174.36
195 74.56 125.84 173.78
196 74.6 126.09 173.46
197 74.47 126.08 173.31
198 74.13 125.81 173
199 73.81 125.67 172.55
200 73.53 125.64 172.23
201 73.35 125.76 172.1
202 73.21 125.67 171.88
203 73.13 125.74 171.88
204 73.06 125.79 172.21
205 72.9 125.67 172.37
206 72.82 125.74 172.33
207 72.87 125.82 172.08
208 72.63 125.58 171.94
209 72.32 125.11 171.77
210 72.03 124.7 171.48
211 71.94 124.71 171.24
212 71.97 124.81 171.05
213 71.91 124.9 170.76
214 71.84 124.63 170.63
215 71.81 124.67 170.62
216 71.77 124.94 170.84
217 71.88 125.13 171.09
218 72.07 125.63 171.37
219 72.21 126.11 171.72
220 72.17 126.26 171.91
221 72.08 126.18 172.05
222 71.96 126.03 172.24
223 72 126.03 172.42
224 71.99 126.16 172.41
225 71.97 126.35 172.53
226 71.93 126.38 172.73
227 71.96 126.37 173.05
228 72.12 126.58 173.36
229 72.19 127.13 173.49
230 72.28 127.37 173.66
231 72.23 127.41 173.84
232 72.27 127.45 173.88
233 72.36 127.49 173.85
234 72.33 127.66 173.81
235 72.23 127.37 173.82
236 72.22 127.53 174
237 72.32 127.63 174.11
238 72.38 127.8 174.03
239 72.36 127.53 174.06
240 72.4 127.28 174.23
241 72.48 127.27 174.27
242 72.53 127.33 174.27
243 72.53 127.72 174.3
244 72.47 128.06 174.63
245 72.5 127.7 174.85
246 72.44 127.67 175.02
247 72.54 127.42 175.26
248 72.63 127.34 175.27
249 72.33 127.56 175.1
250 72.33 127.85 175.18
251 72.74 128.18 175.56
252 72.68 128.73 175.63
253 72.68 129.29 176.03
254 72.87 129.61 176.58
255 72.96 129.91 176.91
256 73.03 130.14 176.98
257 72.97 130.14 176.91
258 73.05 130.02 176.96
259 72.95 129.75 176.91
260 72.97 129.55 176.91
261 72.99 129.4 176.72
262 73.04 129.63 176.62
263 73.07 129.99 176.72
264 73.15 130.18 176.72
265 73.21 130.46 176.92
266 73.14 130.43 177.02
267 73.12 130.66 177.28
268 73.04 130.89 177.58
269 72.82 130.94 177.42
270 72.78 130.67 177.21
271 72.73 130.06 177.03
272 72.62 129.64 176.63
273 72.43 129.46 176.47
274 72.35 129.39 176.49
275 72.43 129.27 176.4
276 72.45 129.3 176.4
277 72.41 128.82 176.24
278 72.37 127.97 176.35
279 72.33 127.39 176.6
280 72.28 126.82 176.53
281 72.38 126.5 176.44
282 72.49 126.49 176.55
283 72.5 126.58 176.77
284 72.52 126.56 176.97
285 72.57 126.44 177.12
286 72.59 126.41 177.16
287 72.62 126.47 177.38
288 72.7 126.53 177.77
289 72.73 126.69 177.9
290 72.7 127.23 177.96
291 72.75 127.67 178.05
292 72.53 127.6 178.12
293 72.52 127.68 178.1
294 72.46 127.17 178.08
295 72.42 126.97 178.47
296 72.6 127.18 178.32
297 72.5 126.97 178.03
298 72.55 126.85 177.96
299 72.39 126.51 177.96
300 72.3 126.28 177.8
301 72.22 126.38 177.45
302 72.15 126.36 177.09
303 72.12 126.38 176.8
304 72.09 126.27 176.51
305 72 125.44 176.18
306 72.02 124.79 175.88
307 72.1 124.52 175.51
308 72.28 124.36 175.28
309 72.33 124.47 175.39
310 72.35 124.52 175.77
311 72.46 124.98 176.06
312 72.52 125.69 176.21
313 72.52 125.89 176.27
314 72.51 126.04 176.33
315 72.47 126.13 176.32
316 72.44 126.32 176.28
317 72.47 126.53 176.23
318 72.55 126.4 176.21
319 72.52 126.38 175.93
320 72.3 125.82 175.85
321 72.21 125.64 176.1
322 72.14 125.83 176.01
323 72.09 126.26 175.93
324 72.15 126.76 176.25
325 72.17 126.7 176.6
326 72.32 126.88 176.75
327 72.28 127.29 176.85
328 72.3 127.05 177.1
329 72.33 126.47 177.18
330 72.38 126.3 177.08
331 72.44 126.28 177.13
332 72.55 126.32 177.23
333 72.58 126.51 177.47
334 72.6 126.53 177.57
335 72.6 126.63 177.54
336 72.53 126.64 177.85
337 72.58 126.5 178.03
338 72.57 126.43 178.25
339 72.67 126.52 178.48
340 72.69 126.66 178.68
341 72.71 126.73 178.96
342 72.75 126.74 178.95
343 72.75 126.95 178.93
344 72.88 127.17 178.75
345 72.88 127.16 178.65
346 72.82 127.02 178.77
347 72.86 126.99 179.25
348 73.1 127.17 179.4
349 73.3 127.88 179.36
350 73.25 128.32 179.71
351 73.13 128.19 179.94
352 72.87 127.85 179.79
353 72.77 127.69 179.34
354 72.74 127.78 178.96
355 72.76 127.79 178.74
356 72.84 127.48 178.29
357 72.83 127.09 177.98
358 72.83 126.84 177.79
359 72.79 126.88 177.48
360 72.7 126.83 177.32
361 72.69 126.76 176.98
362 72.58 126.7 176.74
363 72.6 126.83 176.63
364 72.61 126.71 176.39
365 72.52 126.53 176.14
366 72.47 126.52 176.13
367 72.4 126.32 175.94
368 72.4 126.04 175.79
369 72.38 125.85 175.48
370 72.33 125.75 175.12
371 72.39 125.88 174.98
372 72.45 125.88 175
373 72.45 125.82 175.12
374 72.49 125.83 175.12
375 72.47 125.82 175.23
376 72.51 125.75 175.28
377 72.54 125.67 175.37
378 72.55 125.77 175.42
379 72.56 126.01 175.39
380 72.5 126.09 175.43
381 72.53 125.82 175.41
382 72.55 125.65 175.47
383 72.54 125.59 175.5
384 72.61 125.54 175.51
385 72.67 125.63 175.56
386 72.74 125.83 175.58
387 72.77 125.94 175.37
388 72.66 125.87 175.31
389 72.54 125.5 175.4
390 72.51 125.07 175.52
391 72.63 124.75 175.47
392 72.78 124.88 175.39
393 72.95 125.04 175.57
394 72.97 125.28 175.7
395 73 125.44 175.7
396 72.97 125.53 175.77
397 72.97 125.48 175.8
398 72.97 125.58 175.85
399 72.99 125.83 176.03
400 73.1 125.93 176.18
401 73.18 126.43 176.31
402 73.27 126.77 176.47
403 73.32 126.91 176.43
404 73.33 126.72 176.63
405 73.32 126.44 176.85
406 73.4 126.25 177
407 73.58 126.1 177.16
408 73.81 126.51 177.17
409 73.97 126.82 177.21
410 74.04 126.82 177.4
411 74.09 126.78 177.37
412 74.18 126.93 176.85
413 74.03 126.83 176.61
414 73.78 126.51 177.03
415 73.9 126.28 177.71
416 74.32 126.47 177.44
417 74.54 126.73 177.32
418 74.54 126.97 177.53
419 74.47 126.89 177.83
420 74.59 126.98 178.06
421 74.86 127.18 178.13
422 75.18 127.56 178.12
423 75.4 127.83 178.23
424 75.47 127.9 178.34
425 75.5 127.87 178.46
426 75.72 127.63 178.33
427 75.89 127.38 178.33
428 76.09 127.11 178.28
429 76.28 126.89 178.3
430 76.48 126.92 178.45
431 76.79 126.94 178.47
432 77.22 127.27 178.55
433 77.44 127.6 178.78
434 77.17 127.65 178.82
435 76.77 127.63 178.47
436 76.35 127.53 178.07
437 76.01 127.39 177.75
438 75.71 127.38 177.59
439 75.22 127.5 177.4
440 74.8 127.68 177.26
441 74.59 127.7 177.16
442 74.19 127.08 177.03
443 73.83 126.6 176.52
444 73.47 126.87 176.34
445 73.37 127.14 176.15
446 73.15 127.03 176.03
447 73.07 126.85 176.05
448 73.03 126.51 175.69
449 72.81 126.62 175.25
450 72.65 127.1 175.18
451 72.58 127.11 175.17
452 72.63 126.53 175.33
453 72.81 126.25 175.33
454 73.09 126.21 175.47
455 73.18 126.12 175.73
456 73.3 126.21 176.23
457 73.46 126.33 176.48
458 73.41 126.52 176.58
459 73.6 126.47 176.76
460 73.74 126.59 176.88
461 73.93 126.81 177.15
462 74.18 126.97 177.25
463 74.31 126.89 177.32
464 74.18 126.78 177.38
465 73.97 126.48 177.25
466 73.77 125.99 177.11
467 73.74 125.84 176.94
468 73.73 125.83 176.62
469 73.63 125.73 176.25
470 73.47 125.68 175.94
471 73.3 125.44 175.84
472 73.12 125.26 175.59
473 73.05 125.22 175.18
474 72.97 125.47 175.01
475 73.01 125.4 175.15
476 73.07 125.55 175.49
477 73.28 125.8 175.73
478 73.31 126.08 175.92
479 73.35 126.2 176.19
480 73.22 126.14 176.42
481 73.13 125.88 176.44
482 73.04 125.5 176.4
483 72.88 125.56 176.16
484 72.9 125.95 176.13
485 72.95 126.1 176.2
486 72.99 125.94 176.32
487 73.02 125.63 176.63
488 73.16 125.77 176.66
489 73.27 126.09 176.55
490 73.38 126.34 176.73
491 73.42 126.5 177.03
492 73.42 126.84 177.04
493 73.29 126.99 176.93
494 73.21 127.03 176.86
495 73.15 126.7 176.78
496 73.1 126.47 176.9
497 73.14 126.63 176.98
498 73.27 127.29 177.02
499 73.24 127.68 177.03
500 73.25 127.83 177.23
501 73.08 127.09 177.08
502 72.99 127.14 177.27
503 73.12 127.63 177.4
504 73.3 127.92 177.31
505 73.33 128.3 177.2
506 73.19 128.27 177.33
507 73.14 127.97 177.37
508 73.08 127.6 177.22
509 72.99 127.48 176.94
510 72.92 127.49 176.62
511 72.7 127.18 176.32
512 72.56 126.8 176.23
513 72.68 126.98 175.96
514 72.56 127.16 175.51
515 72.35 126.6 175.28
516 72.2 126.3 175.17
517 72.37 126.62 174.8
518 72.42 126.95 174.69
519 72.5 127.15 174.93
520 72.63 127.2 175.53
521 72.76 127.42 176.01
522 72.84 127.19 176.22
523 72.95 127.15 176.34
524 72.97 127.41 176.53
525 73.01 127.29 176.85
526 72.97 127.28 177.02
527 73.04 127.37 177.11
528 73.17 127.44 177.23
529 73.37 127.75 177.26
530 73.58 127.92 177.36
531 73.63 127.81 177.28
532 73.56 127.9 177.23
533 73.5 127.9 177.13
534 73.54 127.49 176.92
535 73.63 127.41 176.69
536 73.63 127.42 176.65
537 73.58 127.23 176.68
538 73.71 126.98 176.72
539 73.8 126.45 176.79
540 73.83 126.18 176.78
541 73.91 125.99 176.88
542 74.04 126.13 177.08
543 74.18 126.63 177.21
544 74.24 127.03 177.25
545 74.43 127.16 177.23
546 74.45 127.11 177.15
547 74.56 126.8 177.27
548 74.71 126.81 177.41
549 74.94 127.26 177.49
550 75.15 127.48 177.33
551 75.34 127.52 177.28
552 75.58 127.41 177.45
553 75.77 127.4 177.56
554 76.09 127.68 177.47
555 76.52 127.86 177.33
556 76.78 127.72 177.32
557 77.05 127.13 177.45
558 77.02 126.78 177.41
559 77.07 126.62 177.36
560 77.13 126.72 177.13
561 77.44 127.07 177.19
562 77.72 127.52 177.18
563 77.8 127.74 177.12
564 77.88 127.88 177.03
565 78.03 127.82 176.9
566 78.2 127.93 176.78
567 78.26 128.07 176.51
568 78.08 127.98 176.4
569 77.02 127.82 176.38
570 76.12 127.57 175.88
571 75.61 127.58 175.18
572 75.12 127.41 174.87
573 74.61 127.45 174.51
574 74.27 127.22 173.97
575 73.97 127.12 173.59
576 73.67 126.47 173.29
577 73.46 125.77 173.14
578 73.29 125.33 172.86
579 73.26 125.01 172.68
580 73.29 125.16 172.7
581 73.37 125.3 172.76
582 73.3 125.28 172.8
583 73.33 125.34 173
584 73.4 125.39 173.03
585 73.37 125.29 173.01
586 73.28 125.1 173.05
587 73.5 125.11 173.03
588 73.52 125.16 172.79
589 73.47 125.42 172.7
590 73.51 125.6 172.69
591 73.49 125.85 172.64
592 73.45 126.12 172.69
593 73.52 126.43 172.62
594 73.5 126.68 172.54
595 73.58 126.79 172.65
596 73.64 126.97 172.77
597 73.7 127.24 172.96
598 73.78 127.32 173.03
599 73.99 127.24 172.91
600 74.27 127.06 173.02
601 74.27 126.53 174.32
602 74.63 126.18 175.53
603 74.92 126.3 175.2
604 75.29 126.82 174.68
605 75.67 127.13 174.79
606 75.88 127.29 175.24
607 75.85 127.22 174.86
608 75.38 127.31 174.3
609 74.96 127.14 173.87
610 74.49 127.13 173.56
611 74.07 127.13 173.36
612 73.6 126.79 173.43
613 73.38 126.54 173.55
614 73.23 126.51 173.42
615 73.29 126.47 173.55
616 73.4 126.47 173.67
617 73.55 126.47 173.8
618 73.68 126.53 173.98
619 73.75 126.53 174.14
620 73.84 126.54 174.3
621 73.93 126.96 174.36
622 74.02 127.53 174.47
623 74.28 127.82 174.38
624 74.52 126.97 173.82
625 74.15 127.41 174.91
626 74.2 127.22 176.1
627 74.67 127.67 175.83
628 75.33 128.49 175.08
629 75.67 128.97 174.85
630 75.1 128.43 174.91
631 74.21 126.88 175.13
632 73.92 125.24 174.65
633 74.17 125.25 173.88
634 74.32 126.63 173.63
635 74.28 127.12 173.76
636 74.14 126.95 173.79
637 73.94 126.71 173.75
638 73.93 126.29 173.6
639 73.82 126.27 173.45
640 73.69 126.42 173.32
641 73.54 126.5 173.32
642 73.43 126.78 173.29
643 73.48 126.69 173.25
644 73.6 126.13 173.13
645 73.68 126.53 173.14
646 73.71 126.91 173.23
647 73.74 126.81 173.38
648 73.76 126.33 173.38
649 73.7 126.44 173.45
650 73.7 126.56 173.52
651 73.75 127.17 173.67
652 73.83 127.18 173.69
653 73.92 126.9 173.85
654 74.02 126.65 173.94
655 74.11 126.86 174.16
656 74.23 127.02 174.32
657 74.34 127.17 174.4
658 74.45 127.36 174.46
659 74.59 126.93 174.65
660 74.81 126.53 174.65
661 74.88 126.92 174.74
662 74.72 127.37 174.83
663 74.55 127.58 174.79
664 74.39 127.63 174.65
665 74.34 127.72 174.49
666 74.33 127.32 174.08
667 74.38 125.24 172.63
668 73.58 124.98 172.46
669 72.57 124.25 173.48
670 72.64 123.48 173.19
671 72.93 124.4 172.82
672 73.28 125.82 172.89
673 73.38 126.24 173.53
674 73.22 126.5 173.93
675 73.1 126.45 173.93
676 73.12 126.49 173.82
677 73.22 126.85 173.78
678 73.29 127.12 173.93
679 73.28 127.2 174.03
680 73.3 126.97 174.18
681 73.43 126.71 174.2
682 73.5 126.74 174.12
683 73.51 127.19 174.29
684 73.42 127.44 174.33
685 73.45 127.63 174.38
686 73.66 127.76 174.62
687 73.8 127.55 174.73
688 73.93 127.26 174.91
689 74.17 127.08 174.94
690 74.31 126.79 175.07
691 74.35 126.22 175.18
692 74.42 125.87 175.23
693 74.36 125.68 175.23
694 74.47 125.75 175.22
695 74.61 126.23 175.08
696 74.43 126.47 174.92
697 74.26 126.44 174.92
698 74.05 125.96 174.74
699 73.89 125.6 174.65
700 73.93 125.47 174.3
701 73.86 125.33 173.96
702 73.76 125.15 173.93
703 73.58 125.04 173.64
704 73.93 125.13 173.59
705 74.65 125.74 174.05
706 75.2 126.73 174.46
707 75.36 127.61 175.01
708 75.56 127.81 175.37
709 75.73 127.75 175.63
710 75.97 128.16 175.76
711 75.73 128.47 175.88
712 75.41 128.38 175.72
713 75.23 128.42 175.63
714 75.09 128.27 175.33
715 75.01 128.64 175.03
716 74.84 128.52 174.83
717 74.64 128.42 174.66
718 74.38 128.28 174.64
719 74.15 128.18 174.61
720 74.18 127.97 174.63
721 74.24 128.04 174.4
722 74.16 128.2 174.61
723 74.03 128.07 174.99
724 73.82 127.32 175.01
725 74.01 127.19 175.09
726 74.66 127.58 175.45
727 75.43 128.21 176.18
728 75.44 128.19 176.72
729 75.3 127.61 176.79
730 75.43 127.65 176.83
731 75.77 127.82 176.88
732 76.09 128.21 177.08
733 76.28 129.03 177.24
734 76.43 129.57 177.35
735 76.38 129.42 177.47
736 76.18 129.43 177.55
737 75.93 129.48 177.53
738 75.84 129.53 177.33
739 75.61 129.7 177.07
740 75.5 129.4 176.85
741 75.32 129.06 176.65
742 75.08 128.85 176.52
743 75.02 128.82 176.49
744 74.94 129.21 176.62
745 74.9 129.42 176.74
746 74.87 129.13 176.63
747 74.72 129.27 176.63
748 74.68 129.5 176.73
749 74.7 129.26 176.81
750 75.23 129.16 176.96
751 75.72 129.25 177.19
752 76.02 129.66 177.48
753 76.02 129.73 177.77
754 76.1 129.76 177.93
755 75.95 129.68 177.88
756 75.52 129.33 177.8
757 75.34 128.9 177.58
758 75.18 128.84 177.33
759 75.11 128.69 177.18
760 74.88 128.59 177.02
761 74.61 128.83 176.82
762 74.42 128.86 176.64
763 74.34 128.83 176.43
764 74.17 128.52 176.23
765 74.03 128.5 176.12
766 73.88 128.27 176.03
767 73.7 128.01 175.82
768 73.54 128.02 175.66
769 73.42 127.83 175.7
770 73.32 127.48 175.57
771 73.17 127.21 175.58
772 73.25 127.07 175.49
773 73.44 126.94 175.38
774 73.81 127.03 175.61
775 74.27 127.7 176.01
776 74.61 128.39 176.61
777 74.87 128.8 177.1
778 75.18 128.96 177.51
779 75.43 128.94 177.82
780 75.55 129.07 178.03
781 75.51 128.58 178.15
782 75.17 127.92 178.14
783 74.82 127.35 177.79
784 74.68 126.86 177.49
785 74.51 126.49 177.18
786 74.42 126.32 176.89
787 74.34 126.33 176.65
788 74.23 126.38 176.46
789 74.03 126.21 176.41
790 73.88 126.09 176.38
791 73.81 126.07 176.26
792 73.75 126.14 176.35
793 73.88 126.45 176.51
794 74.03 127.12 176.96
795 74.1 127.33 177.47
796 74.1 127.57 177.98
797 74.17 128.01 178.54
798 74.11 128.48 178.61
799 73.91 128.54 178.5
800 73.75 128.4 178.38
801 73.61 127.78 178.42
802 73.47 127.35 178.45
803 73.39 127.04 178.34
804 73.39 126.91 178.33
805 73.38 127.07 178.21
806 73.42 127.16 177.96
807 73.26 126.92 177.82
808 73.1 126.52 177.67
809 72.97 126.07 177.57
810 72.82 125.85 177.4
811 72.8 125.53 177.3
812 72.83 125.24 177.19
813 72.84 125.27 177
814 72.72 125.18 176.87
815 72.66 125.11 176.96
816 72.73 125.11 176.91
817 72.72 124.99 176.58
818 72.65 124.97 176.42
819 72.68 125.04 176.38
820 72.63 124.76 176.19
821 72.52 124.57 176.09
822 72.54 124.42 175.94
823 72.47 124.44 175.6
824 72.38 124.37 175.4
825 72.3 124.14 175.47
826 72.36 123.83 175.36
827 72.47 123.88 175.15
828 72.43 123.79 175.05
829 72.4 123.64 175.17
830 72.41 123.63 175.32
831 72.38 123.77 175.3
832 72.31 123.84 175.13
833 72.28 123.92 175.03
834 72.3 123.68 174.99
835 72.37 123.43 174.79
836 72.37 123.37 174.42
837 72.3 123.67 174.36
838 72.33 124.02 174.43
839 72.32 124.29 174.33
840 72.38 124.45 174.44
841 72.43 125.21 174.38
842 72.43 126.43 174.4
843 72.45 126.93 174.47
844 72.43 127.31 174.55
845 72.46 127.64 174.58
846 72.53 128.06 174.7
847 72.58 128.3 174.86
848 72.61 128.45 175.02
849 72.65 128.45 175.13
850 72.65 128.54 175.21
851 72.68 128.53 175.32
852 72.68 128.57 175.43
853 72.63 128.57 175.38
854 72.61 128.59 175.42
855 72.62 128.63 175.38
856 72.59 128.71 175.42
857 72.65 128.82 175.37
858 72.62 128.82 175.42
859 72.7 128.77 175.51
860 72.77 128.76 175.48
861 72.82 128.89 175.53
862 72.78 128.92 175.52
863 72.72 128.98 175.57
864 72.7 128.9 175.46
865 72.67 128.8 175.44
866 72.62 128.75 175.42
867 72.58 128.66 175.23
868 72.54 128.67 175.17
869 72.51 128.62 175.03
870 72.46 128.65 175.04
871 72.43 128.58 174.85
872 72.35 128.44 174.88
873 72.36 128.41 174.82
874 72.33 128.39 174.76
875 72.32 128.41 174.84
876 72.47 128.41 174.88
877 72.56 128.6 175.02
878 72.6 128.93 175.42
879 72.58 129.07 175.76
880 72.51 129.21 175.83
881 72.5 129.4 176.01
882 72.55 129.63 175.98
883 72.51 129.79 175.99
884 72.45 129.72 175.94
885 72.33 129.64 175.86
886 72.26 129.4 175.85
887 72.23 129.15 175.89
888 72.33 129.15 175.86
889 72.34 129.23 175.97
890 72.48 129.34 176.02
891 72.55 129.38 176.01
892 72.55 129.45 176
893 72.51 129.54 175.93
894 72.35 129.45 176.02
895 72.35 129.36 176.02
896 72.33 129.37 176.02
897 72.42 129.32 176.12
898 72.58 129.49 176.34
899 72.69 129.7 176.53
900 72.76 130.02 176.92
901 72.92 130.28 177.35
902 73.08 130.48 177.63
903 73.21 130.75 177.87
904 73.38 130.92 178.12
905 73.5 130.99 178.33
906 73.7 130.9 178.47
907 73.84 130.9 178.59
908 74.2 131.06 178.82
909 74.63 131.18 178.99
910 75.05 131.34 179.15
911 75.64 131.54 179.43
912 76.11 131.75 179.78
913 76.37 131.81 179.66
914 76.68 131.59 179.37
915 76.37 131.3 179.03
916 75.58 130.79 178.81
917 74.88 130.27 178.43
918 74.48 130.08 178.02
919 74.32 130.12 178.18
920 74.19 129.97 178.41
921 74.33 130.09 178.53
922 74.66 130.63 178.72
923 74.98 130.98 179.05
924 75.39 131.39 179.3
925 75.67 131.72 179.44
926 76.03 131.93 179.5
927 76.24 131.98 179.53
928 76.5 131.91 179.61
929 76.9 132.01 179.8
930 77.09 132.28 180.07
931 76.73 132.13 180.02
932 75.72 131.81 179.62
933 74.67 131.28 179.29
934 73.72 130.84 178.72
935 73.55 130.19 177.91
936 73.63 130.28 177.32
937 73.6 130.67 177.23
938 73.26 130.8 176.99
939 72.73 130.43 176.83
940 72.51 130.19 176.72
941 72.46 130.27 176.59
942 72.46 130.4 176.55
943 72.56 130.87 176.72
944 72.73 131.29 176.97
945 72.87 131.49 177.16
946 72.86 131.7 177.18
947 72.89 132.09 177.38
948 72.97 132.16 177.64
949 72.83 131.07 177.47
950 72.65 130.24 177.78
951 72.58 130.22 178.12
952 72.54 129.33 177.97
953 72.59 129.97 178.05
954 72.73 130.49 178.36
955 72.93 129.78 178.51
956 73.03 129.53 178.27
957 72.91 129.12 178.12
958 72.8 128.96 178.08
959 72.65 129.65 177.99
960 72.67 129.92 177.97
961 72.8 129.82 177.92
962 72.87 129.7 178.02
963 72.88 129.66 178.16
964 72.7 128.93 177.97
965 72.66 128.42 177.88
966 72.6 128.27 177.82
967 72.65 128.7 177.87
968 72.59 129 177.73
969 72.6 129.2 177.48
970 72.64 129.38 177.49
971 72.64 129.13 177.42
972 72.65 129.17 177.49
973 72.61 129.08 177.63
974 72.66 128.91 177.7
975 72.55 128.9 177.76
976 72.52 128.6 177.77
977 72.57 128.3 177.76
978 72.64 128.4 177.64
979 72.56 128.42 177.46
980 72.57 128.27 177.47
981 72.58 128.34 177.32
982 72.59 128.44 177.19
983 72.59 128.76 177.3
984 72.58 128.93 177.47
985 72.66 128.82 177.75
986 72.73 129.19 177.87
987 72.74 129.4 178.07
988 72.79 129.43 178.39
989 72.73 129.51 178.53
990 72.73 129.78 178.49
991 72.67 129.8 178.44
992 72.63 129.67 178.38
993 72.8 129.48 178.65
994 73.08 129.58 178.95
995 73.06 129.59 178.86
996 73.01 129.5 178.77
997 73.09 129.72 179.02
998 73.28 130.38 179.57
999 73.18 130.7 179.9
1000 73.11 130.18 179.97
1001 73 129.75 179.92
1002 73.08 129.73 179.83
1003 73.08 129.43 179.55
1004 73.03 128.95 179.3
1005 73.06 128.91 179.25
1006 73.06 128.58 179.35
1007 73.09 128.28 179.32
1008 73.13 128.37 179.32
1009 73.1 128.37 179.53
1010 73.22 128.26 179.51
1011 73.27 128.18 179.46
1012 73.23 128.41 179.63
1013 73.25 128.74 179.82
1014 73.37 128.85 179.85
1015 73.33 129.16 179.85
1016 73.33 129.4 179.99
1017 73.35 129.28 180.02
1018 73.31 129.16 180.16
1019 73.33 129.08 180.25
1020 73.39 128.87 180.23
1021 73.33 128.74 180.2
1022 73.3 128.61 180.1
1023 73.25 128.93 180.03
1024 73.21 129.13 179.8
1025 73.17 129.19 179.65
1026 73.15 128.84 179.49
1027 73.11 128.54 179.4
1028 73.08 128.21 179.18
1029 73.02 128.05 179.03
1030 72.93 127.78 178.93
1031 72.92 127.53 178.84
1032 72.8 127.51 178.61
1033 72.82 127.53 178.52
1034 72.84 127.47 178.68
1035 72.82 127.33 178.38
1036 72.72 127.3 178.16
1037 72.58 127.34 178.17
1038 72.53 127.1 178.03
1039 72.56 126.84 177.93
1040 72.58 126.87 177.96
1041 72.68 126.88 177.88
1042 72.7 126.78 177.75
1043 72.68 126.68 177.77
1044 72.72 126.85 177.86
1045 72.72 127.32 177.81
1046 72.71 127.95 177.63
1047 72.71 128.64 177.59
1048 72.7 129.01 177.58
1049 72.73 129.09 177.56
1050 72.73 128.69 177.66
1051 72.57 127.76 177.58
1052 72.5 127.37 177.44
1053 72.53 127.12 177.27
1054 72.53 127.45 177.04
1055 72.52 128.11 177
1056 72.57 128.08 177.07
1057 72.69 128.12 177.23
1058 72.63 127.93 177.4
1059 72.62 127.88 177.38
1060 72.68 127.66 177.4
1061 72.71 127.79 177.58
1062 72.82 128.39 177.7
1063 73.09 128.92 177.61
1064 73.1 128.98 177.56
1065 72.89 128.83 177.57
1066 72.78 128.68 177.52
1067 72.8 128.76 177.28
1068 72.88 129.13 176.95
1069 72.65 129.31 176.81
1070 72.57 128.8 176.76
1071 72.64 128.43 176.7
1072 72.72 128.41 176.57
1073 72.68 128.47 176.46
1074 72.54 128.47 176.4
1075 72.47 128.28 176.27
1076 72.37 127.87 175.97
1077 72.4 127.68 175.5
1078 72.22 127.67 175.8
1079 72.27 127.64 176.57
1080 72.57 127.37 176.63
1081 72.7 127.59 176.09
1082 72.59 127.78 175.81
1083 72.46 126.99 175.8
1084 72.19 126.28 175.68
1085 72.13 125.77 175.41
1086 72.14 125.79 175.26
1087 72.33 125.92 175.13
1088 72.41 126.08 175.25
1089 72.42 126.03 175.4
1090 72.46 126.23 175.51
1091 72.33 126.22 175.48
1092 72.42 126.23 175.54
1093 72.33 126.57 175.53
1094 72.3 126.77 175.4
1095 72.3 126.51 175.41
1096 72.33 126.72 175.42
1097 72.38 126.95 175.41
1098 72.37 126.89 175.29
1099 72.37 126.86 175.22
1100 72.36 126.92 175.17
1101 72.4 126.92 175.31
1102 72.41 126.77 175.22
1103 72.41 126.67 174.97
1104 72.35 126.51 174.84
1105 72.29 126.38 174.84
1106 72.28 126.14 174.82
1107 72.18 125.97 174.78
1108 72.2 125.81 174.69
1109 72.23 125.85 174.68
1110 72.22 125.87 174.81
1111 72.38 126.19 175.04
1112 72.41 126.58 175.25
1113 72.47 126.78 175.38
1114 72.58 127.21 175.58
1115 72.52 127.35 175.65
1116 72.52 127.27 175.94
1117 72.58 127.15 176.05
1118 72.58 127.1 176.13
1119 72.67 127.11 176.37
1120 72.7 127.25 176.41
1121 72.65 127.31 176.47
1122 72.6 127.49 176.62
1123 72.61 127.63 176.74
1124 72.57 127.58 176.67
1125 72.6 127.58 176.7
1126 72.66 127.59 176.88
1127 72.63 127.03 176.69
1128 72.57 126.71 176.58
1129 72.52 126.22 176.42
1130 72.53 125.9 176.32
1131 72.48 125.88 176.1
1132 72.38 125.78 176.05
1133 72.36 125.74 175.85
1134 72.33 125.77 175.77
1135 72.43 125.77 175.88
1136 72.5 126.03 175.92
1137 72.5 126.7 175.96
1138 72.46 127 176.06
1139 72.44 126.94 175.88
1140 72.39 126.85 175.92
1141 72.45 126.93 176.07
1142 72.55 127.18 176.02
1143 72.47 127.22 175.76
1144 72.37 126.96 175.57
1145 72.3 126.26 175.59
1146 72.33 125.73 175.42
1147 72.43 125.81 174.73
1148 72.2 125.76 174.45
1149 71.99 125.33 175.1
1150 72.15 124.88 175.49
1151 72.47 125.18 175.63
1152 72.52 125.53 175.78
1153 72.42 126.05 175.89
1154 72.41 126.22 176.33
1155 72.43 126.2 176.5
1156 72.28 125.94 176.38
1157 72.25 126.01 176.22
1158 72.38 126.39 176.17
1159 72.41 126.32 176.09
1160 72.47 126.27 176.18
1161 72.55 126.07 176.16
1162 72.58 126.33 176.04
1163 72.63 126.52 176.01
1164 72.61 126.43 175.91
1165 72.42 126.68 175.78
1166 72.29 126.82 175.87
1167 72.39 126.88 175.72
1168 72.34 126.92 175.36
1169 72.38 126.97 175.16
1170 72.41 127 174.95
1171 72.38 126.74 174.93
1172 72.19 126.18 174.67
1173 72.08 125.72 174.26
1174 72.17 125.19 174.07
1175 72.13 124.62 173.8
1176 71.98 124.03 173.45
1177 72.01 123.54 172.78
1178 71.71 123.34 171.77
1179 71.35 122.77 171.36
1180 71.14 121.7 171.2
1181 71.15 120.79 170.72
1182 71.14 120.28 169.94
1183 71.36 120.15 169.47
1184 71.53 119.84 169.21
1185 71.72 119.99 169.09
1186 71.96 120.22 169.17
1187 71.93 120.3 169.12
1188 71.83 120.98 169.32
1189 71.79 121.13 169.24
1190 71.77 121.67 169.03
1191 71.64 122.27 168.94
1192 71.51 121.54 168.82
1193 71.67 120.1 168.69
1194 71.93 118.79 168.13
1195 71.98 120.62 168.08
1196 72.12 121.98 168.83
1197 71.86 122.94 169.13
1198 71.67 123.56 169.57
1199 71.89 124.37 170.41
1200 72.23 125.36 171.31
1201 72.43 125.74 172.02
1202 72.56 125.95 172.71
1203 72.92 126.39 174.11
1204 73.31 126.47 175.37
1205 73.06 126.17 176.12
1206 72.49 125.96 176.45
1207 71.98 125.8 176.7
1208 72.22 126.15 177.43
1209 72.3 126.77 178.11
1210 72.02 128.64 179.16
1211 72.22 128.92 178.97
1212 72.38 129.33 178.45
1213 72.47 129.67 178.35
1214 72.55 129.77 178.37
1215 72.7 130.2 178.37
1216 72.81 129.86 178.37
1217 72.7 129.03 178.09
1218 72.44 129.27 177.93
1219 72.28 129.21 177.89
1220 71.93 128.21 177.65
1221 71.77 127.37 177.41
1222 72.06 126.84 177.35
1223 72.25 126.78 177.39
1224 72.3 127.08 177.52
1225 72.31 127.4 177.76
1226 72.39 127.45 178.12
1227 72.54 127.66 178.39
1228 72.6 127.87 178.5
1229 72.58 127.88 178.59
1230 72.41 128.02 178.64
1231 72.32 127.89 178.81
1232 72.39 127.81 178.81
1233 72.41 127.63 178.52
1234 72.4 127.62 178.25
1235 72.36 127.8 178.08
1236 72.47 128.01 178.15
1237 72.44 127.76 177.77
1238 72.37 127.51 177.22
1239 72.21 127.49 177.02
1240 72.22 127.17 177.01
1241 72.13 126.83 176.78
1242 72.13 126.04 176.35
1243 72.16 124.99 175.86
1244 72.14 124.28 175.46
1245 72 123.62 175.06
1246 72.05 123.55 174.98
1247 72.17 123.57 174.73
1248 72.11 123.15 174.22
1249 72.12 122.67 173.75
1250 72.22 122.28 173.58
1251 72.22 122.06 173.23
1252 72.2 121.85 172.82
1253 72.24 121.54 172.5
1254 72.28 121.24 172.28
1255 72.33 120.52 171.93
1256 72.2 119.73 171.3
1257 72.11 119.36 171.07
1258 72.23 119.11 170.93
1259 72.37 119.63 170.85
1260 72.33 119.88 170.5
1261 72.33 119.65 170.27
1262 72.33 119.04 170.07
1263 72.28 118.65 169.85
1264 72.17 118.27 169.69
1265 72.05 117.98 169.54
1266 72.05 117.78 169.41
1267 72.1 117.7 169.38
1268 72.17 117.63 169.31
1269 72.29 117.73 169.21
1270 72.26 117.85 169.11
1271 72.23 118.42 168.93
1272 72.19 118.72 168.67
1273 72.19 118.87 168.48
1274 72.19 118.88 168.29
1275 72.22 118.79 168.13
1276 72.13 118.8 167.93
1277 72.01 119 167.64
1278 71.95 119.03 167.56
1279 72.02 119.18 167.53
1280 71.99 118.98 167.43
1281 71.96 118.79 167.4
1282 72.01 118.87 167.29
1283 71.9 118.96 166.94
1284 71.81 119.21 166.73
1285 71.76 119.28 166.65
1286 71.7 119.33 166.52
1287 71.64 119.44 166.52
1288 71.7 119.4 166.52
1289 71.83 119.78 166.19
1290 71.72 120.05 166.06
1291 71.64 119.93 166.03
1292 71.61 119.45 165.96
1293 71.49 119.16 165.63
1294 71.45 118.73 165.47
1295 71.59 118.24 165.44
1296 71.74 118.18 165.7
1297 71.82 118.31 166.02
1298 71.79 118.5 166.52
1299 71.7 118.68 167.07
1300 71.7 118.87 167.67
1301 71.87 119.38 168
1302 71.9 119.88 168.28
1303 71.95 120.15 168.84
1304 72.06 120.26 169.21
1305 71.94 120.2 169.42
1306 71.95 120.54 169.67
1307 72.01 121.28 169.97
1308 72.09 122.13 170.28
1309 72.28 123.03 170.61
1310 72.33 123.44 170.67
1311 72.2 123.62 171
1312 72.12 123.01 171.22
1313 72.11 122.44 171.25
1314 72.12 122.18 171.32
1315 72.17 122.19 171.73
1316 72.29 122.2 172.25
1317 72.37 122.17 172.58
1318 72.35 122.31 172.35
1319 72.19 122.5 172.8
1320 72.25 122.6 173.7
1321 72.43 122.85 174.15
1322 72.75 123.74 174.21
1323 72.88 124.66 174.55
1324 72.87 125.33 175.16
1325 72.88 125.97 175.57
1326 72.86 126.41 175.62
1327 72.96 126.81 175.63
1328 73.03 127.2 175.74
1329 73.1 127.59 175.93
1330 73.06 127.69 176.07
1331 73.11 127.37 176.14
1332 73.25 127.28 175.89
1333 73.29 127.67 175.74
1334 73.24 128.03 175.8
1335 73.16 127.97 175.89
1336 73.18 127.14 175.78
1337 73.18 126.79 175.6
1338 73.33 127.29 175.57
1339 73.41 127.68 175.74
1340 73.47 127.28 175.62
1341 73.48 126.44 175.43
1342 73.53 125.52 175.23
1343 73.47 124.83 175.14
1344 73.44 124.49 174.95
1345 73.38 124.08 174.63
1346 73.28 123.81 174.22
1347 73.14 123.43 174.03
1348 73.1 123.07 174.06
1349 73.1 122.98 173.92
1350 73.15 123.09 173.69
1351 73.06 123.05 173.66
1352 73.04 122.92 173.71
1353 72.99 122.76 173.68
1354 72.95 122.68 173.58
1355 72.94 122.58 173.56
1356 72.93 122.6 173.38
1357 72.95 122.66 173.09
1358 73.07 122.69 172.64
1359 73.06 122.77 171.83
1360 72.69 122.36 171.88
1361 72.52 121.82 172.45
1362 72.47 121.63 172.47
1363 72.71 121.97 172.36
1364 73.04 122.55 172.71
1365 73.26 122.85 173.31
1366 73.27 122.91 173.88
1367 73.35 122.87 174.28
1368 73.5 123.09 174.32
1369 73.73 123.44 173.98
1370 73.77 123.34 174.09
1371 73.85 123.06 174.31
1372 73.85 122.67 174.45
1373 74.06 122.67 174.55
1374 74.23 122.87 174.61
1375 74.59 123.21 174.83
1376 74.92 123.43 175.31
1377 75.13 123.44 175.59
1378 75.38 123.43 175.56
1379 75.65 123.28 175.37
1380 75.82 123.25 175.53
1381 76.05 123.17 175.71
1382 76.5 123.34 175.76
1383 77.15 123.58 175.77
1384 77.94 123.77 176.02
1385 78.67 123.82 176.12
1386 79.28 123.71 176.33
1387 79.92 123.8 176.45
1388 80.61 123.93 176.43
1389 81.28 123.93 176.45
1390 81.74 123.95 176.68
1391 81.31 124 176.75
1392 80.84 123.87 176.7
1393 80.67 123.56 176.28
1394 80.31 123.38 176
1395 79.21 123.19 175.83
1396 78.09 122.84 175.38
1397 77.32 122.44 174.89
1398 76.69 122.18 174.17
1399 75.9 122.01 173.75
1400 75.12 121.68 173.17
1401 74.37 121.42 172.65
1402 73.79 121.17 172.28
1403 73.43 121.08 171.95
1404 73.12 121.14 171.75
1405 72.97 121.19 171.52
1406 72.7 121.18 171.28
1407 72.58 121.17 171.08
1408 72.6 121.71 170.78
1409 72.58 122.92 170.75
1410 72.53 123.69 170.9
1411 72.47 123.97 170.97
1412 72.58 124.1 171.22
1413 72.7 124.57 171.43
1414 72.58 124.45 171.65
1415 72.43 124.12 171.79
1416 72.36 123.96 172.02
1417 72.38 124.22 172.28
1418 72.43 124.74 172.47
1419 72.5 124.91 172.61
1420 72.61 124.77 172.82
1421 72.62 124.64 173.28
1422 72.55 124.67 173.21
1423 72.53 124.59 173.16
1424 72.63 124.21 173.17
1425 72.64 124.16 173.39
1426 72.71 124.27 173.5
1427 72.83 124.42 173.72
1428 72.94 124.38 173.91
1429 73.04 124.39 174.02
1430 73.13 124.42 174.37
1431 73.27 124.73 174.44
1432 73.29 125.28 174.37
1433 73.08 125.77 174.14
1434 72.82 125.33 173.68
1435 72.57 124.35 173.02
1436 72.35 123.7 172.5
1437 72.31 123.33 172.21
1438 72.47 122.91 172.06
1439 72.61 123.14 172
1440 72.76 123.64 172.15
1441 72.89 124.08 172.55
1442 73 124.66 172.88
1443 72.89 125.24 173.02
1444 72.86 125.49 173.06
1445 72.87 125.31 173.07
1446 72.74 125.21 172.96
1447 72.65 124.45 172.88
1448 72.7 124 172.84
1449 72.85 123.57 172.83
1450 72.86 123.7 172.7
1451 72.93 124.17 172.86
1452 72.87 123.82 172.99
1453 72.82 123.39 173.23
1454 72.92 123.11 173.28
1455 72.86 122.98 173.36
1456 72.91 123.26 173.55
1457 72.92 123.37 173.62
1458 72.82 122.95 173.24
1459 72.74 122.52 173.06
1460 72.71 122.15 172.98
1461 72.76 122.14 173.03
1462 72.77 122.3 173.22
1463 72.87 122.79 173.46
1464 72.88 122.89 173.5
1465 72.89 122.85 173.56
1466 72.8 122.67 173.67
1467 72.77 122.49 173.53
1468 72.73 122.43 173.36
1469 72.65 122.45 173.15
1470 72.69 122.5 172.98
1471 72.74 122.66 172.83
1472 72.75 122.77 172.62
1473 72.69 122.65 172.54
1474 72.58 122.26 172.4
1475 72.51 122.03 172.71
1476 72.53 121.81 173
1477 72.72 121.82 173.39
1478 73.03 122.42 174.18
1479 73.38 123.63 175.19
1480 73.56 124.76 175.93
1481 73.26 125.29 176.25
1482 73.06 125.67 176.86
1483 72.99 125.95 177.17
1484 72.87 126.01 176.91
1485 73.03 125.94 176.55
1486 73.15 126.18 176.13
1487 73.01 125.54 175.85
1488 72.94 124.97 175.74
1489 72.97 124.57 175.84
1490 73.12 124.9 175.84
1491 73.2 125 175.71
1492 73.13 125.3 175.53
1493 72.95 125.75 175.6
1494 72.89 126.21 175.75
1495 72.94 126.22 176.13
1496 72.92 126.41 176.21
1497 72.9 126.63 176.24
1498 72.98 126.72 176.23
1499 72.86 126.82 176.27
1500 72.85 127.13 176.58
1501 72.85 127.32 176.72
1502 72.88 127.43 176.69
1503 73.03 127.66 176.79
1504 73.07 127.53 176.66
1505 73.02 127.14 176.69
1506 73.05 127.09 176.96
1507 73.03 126.72 176.85
1508 73.08 126.23 176.67
1509 73.11 126.43 176.49
1510 73.12 126.52 176.53
1511 73.12 126.29 176.54
1512 73.13 126.47 176.45
1513 73.12 126.47 176.47
1514 73.16 126.82 176.56
1515 73.18 126.92 176.45
1516 73.16 126.69 176.35
1517 73.17 126.79 176.42
1518 73.17 126.52 176.33
1519 73.2 126.76 176.25
1520 73.15 127.15 176.19
1521 73.13 127.38 176.15
1522 73.1 127.36 176.11
1523 73.08 127.32 175.98
1524 72.99 127.15 175.8
1525 72.99 126.99 175.65
1526 72.93 127.1 175.09
1527 72.61 127.06 174.79
1528 72.47 126.75 175.23
1529 72.62 126.3 175.22
1530 72.83 126.82 174.35
1531 72.84 127.34 174.06
1532 72.84 127.2 174.27
1533 72.78 126.82 174.49
1534 72.81 126.7 174.56
1535 72.87 126.87 174.44
1536 72.83 126.66 174.35
1537 72.89 126.37 174.53
1538 72.97 126.07 174.65
1539 72.9 125.72 174.76
1540 72.8 125.42 174.68
1541 72.8 125.57 174.6
1542 72.85 125.96 174.45
1543 72.78 126.4 174.62
1544 72.82 126.52 174.57
1545 72.7 126.34 174.52
1546 72.65 126.37 174.59
1547 72.67 126.56 174.63
1548 72.6 126.45 174.65
1549 72.57 126.46 174.83
1550 72.42 126.4 174.91
1551 72.41 126.55 174.92
1552 72.46 126.63 174.8
1553 72.29 126.82 174.78
1554 72.38 126.84 174.72
1555 72.36 126.58 174.73
1556 72.26 126.27 174.74
1557 72.25 126.22 174.83
1558 72.37 126.46 174.82
1559 72.34 126.52 174.79
1560 72.17 126.42 174.78
1561 72.29 125.99 174.78
1562 72.43 125.28 174.98
1563 72.46 125.07 175
1564 72.43 125.28 174.87
1565 72.33 124.57 175.13
1566 72.42 123.78 175.17
1567 72.33 123.87 175.05
1568 72.2 124.33 175.2
1569 72.3 124.22 174.96
1570 72.38 124.49 174.83
1571 72.46 125.27 175.01
1572 72.55 125.88 175.38
1573 72.49 126.07 175.55
1574 72.45 126.57 175.93
1575 72.56 126.71 175.97
1576 72.62 126.67 176.18
1577 72.6 126.76 176.26
1578 72.61 127.14 176.47
1579 72.6 127.23 176.69
1580 72.68 127.28 176.82
1581 72.63 127.59 176.88
1582 72.48 128 176.87
1583 72.38 128.13 176.78
1584 72.38 128.16 176.62
1585 72.32 127.9 176.65
1586 72.38 127.56 176.56
1587 72.35 127.26 176.46
1588 72.35 127.25 176.42
1589 72.33 127.47 176.41
1590 72.29 127.54 176.17
1591 72.31 127.53 176
1592 72.25 127.14 175.82
1593 72.2 126.38 175.84
1594 72.24 125.72 175.61
1595 72.28 125.36 175.27
1596 71.31 125.28 175.83
1597 71.18 125.49 175.63
1598 71.86 125.38 175.63
1599 72.22 125.49 175.71
1600 72.47 125.71 176.12
1601 72.55 126.4 176.52
1602 72.6 127.35 177.09
1603 72.66 128.37 177.74
1604 72.8 129.31 178.2
1605 72.84 130.05 178.63
1606 72.71 130.72 179.1
1607 72.78 130.73 179.59
1608 72.75 130.64 179.82
1609 72.75 130.54 179.68
1610 72.82 130.6 179.48
1611 72.84 130.56 179.38
1612 72.85 130.51 179.39
1613 72.88 130.25 179.34
1614 72.85 130.1 179.43
1615 72.84 130.23 179.48
1616 72.83 130.44 179.61
1617 72.79 130.69 179.64
1618 72.8 130.74 179.78
1619 72.86 130.82 179.97
1620 72.91 130.88 180.08
1621 72.67 130.54 180.15
1622 72.58 129.86 180.12
1623 72.37 129.13 179.82
1624 72.34 128.89 179.46
1625 72.34 128.76 179.09
1626 72.36 128.42 178.73
1627 72.43 127.71 178.32
1628 72.45 126.84 178.02
1629 72.47 126.51 177.73
1630 72.44 127.17 177.27
1631 71.91 127.66 178.03
1632 71.89 127.78 179.04
1633 72.44 127.94 179.16
1634 73.07 129.17 179.3
1635 73.14 130.68 180.02
1636 72.95 131.29 181.07
1637 72.93 131.22 181.48
1638 72.77 131.05 180.69
1639 72.52 130.82 180.22
1640 72.47 129.96 180.17
1641 72.47 129.53 179.87
1642 72.35 129.1 178.71
1643 72.39 128.68 177.67
1644 72.31 128.48 177.07
1645 72.15 127.96 176.47
1646 72.11 126.97 175.94
1647 72.12 126.17 175.36
1648 72.06 125.58 174.76
1649 72.08 124.74 174.28
1650 71.95 123.72 173.88
1651 71.92 122.76 173.57
1652 71.92 122.09 173.15
1653 71.95 121.36 172.87
1654 72.03 121.04 172.62
1655 71.99 120.98 172.53
1656 71.95 121.04 172.4
1657 72.03 121.22 172.4
1658 72.05 121.27 172.3
1659 72.01 121.36 172.16
1660 71.96 121.13 172.09
1661 71.99 121.05 171.98
1662 72.04 121.06 171.83
1663 72.2 121 171.74
1664 72.24 121.28 171.72
1665 72.22 121.53 171.83
1666 72.21 121.64 172.07
1667 72.23 121.68 172.23
1668 72.4 121.75 172.5
1669 72.31 121.79 172.53
1670 72.25 122.17 172.52
1671 72.2 122.18 172.61
1672 72.2 121.94 172.58
1673 72.17 122.17 172.74
1674 72.13 122.3 172.78
1675 72.19 122.32 172.81
1676 72.22 122.17 172.84
1677 72.25 122.29 173.12
1678 72.25 122.27 173.13
1679 72.23 122.37 173.12
1680 72.21 122.31 173.21
1681 72.16 122.28 173.31
1682 72.17 122.46 173.41
1683 72.19 122.67 173.19
1684 72.15 122.86 173.18
1685 72.25 122.47 173.3
1686 72.26 122.53 173.37
1687 72.28 122.84 173.33
1688 72.29 122.85 173.27
1689 72.33 122.87 173.2
1690 72.34 122.59 173.26
1691 72.38 122.57 173.4
1692 72.45 122.77 173.33
1693 72.4 122.97 173.14
1694 72.3 122.15 173.01
1695 72.18 121.75 172.9
1696 72.08 121.98 172.77
1697 72.12 122.43 172.69
1698 72.49 122.31 172.77
1699 72.78 122.33 172.93
1700 72.96 122.92 173.38
1701 72.8 123.63 173.82
1702 72.71 124.23 174.44
1703 72.78 124.62 175
1704 72.77 125.24 175.55
1705 72.79 126.37 176.18
1706 72.62 126.9 176.76
1707 72.33 127.07 177.27
1708 72.21 126.91 177.21
1709 72.33 126.73 176.68
1710 72.3 126.58 176.32
1711 72.33 126.15 176.39
1712 72.34 126.03 176.32
1713 72.36 126.13 176.14
1714 72.42 125.82 175.86
1715 72.46 125.64 175.84
1716 72.43 125.68 176.28
1717 72.5 125.48 176.65
1718 72.48 125.35 176.82
1719 72.46 125 176.88
1720 72.41 124.68 176.86
1721 72.28 124.29 176.99
1722 72.25 123.9 177.36
1723 72.42 123.67 177.47
1724 72.53 123.78 177.53
1725 72.55 123.89 177.63
1726 72.59 124.09 177.88
1727 72.48 124.29 178.17
1728 72.25 124.41 178.42
1729 72.06 124.19 178.2
1730 72.04 123.6 177.82
1731 72.05 123.17 177.46
1732 72.05 122.69 177.14
1733 72.03 122.13 176.88
1734 72.17 121.88 176.76
1735 72.24 122.07 176.82
1736 72.41 122.28 177.15
1737 72.6 122.34 177.3
1738 72.67 122.65 177.35
1739 72.71 123.35 177.8
1740 72.75 124.15 178.48
1741 72.78 124.88 179.16
1742 72.76 125.29 179.46
1743 72.74 125.33 179.51
1744 72.66 125.19 179.36
1745 72.53 124.91 179.18
1746 72.51 124.75 179.17
1747 72.47 124.45 178.93
1748 72.42 124.53 178.72
1749 72.3 124.88 178.63
1750 72.32 124.83 178.54
1751 72.35 124.63 178.43
1752 72.37 124.3 178.35
1753 72.53 124.04 178.28
1754 72.58 124.12 178.41
1755 72.75 124.52 178.89
1756 72.77 124.69 179.12
1757 72.81 124.85 179.19
1758 72.83 124.93 179.3
1759 72.7 125.05 179.57
1760 72.55 125.18 179.68
1761 72.38 125.04 179.54
1762 72.43 124.81 179.06
1763 72.52 124.81 178.9
1764 72.62 125.09 178.76
1765 72.48 125.22 179.19
1766 72.71 125.37 179.9
1767 72.91 125.52 179.93
1768 73.15 125.96 179.6
1769 73.12 126.42 179.75
1770 73.04 126.7 180.2
1771 72.87 126.82 180.38
1772 72.82 126.67 180.35
1773 72.82 126.62 180.16
1774 72.8 126.69 180.11
1775 72.84 126.68 180.22
1776 72.83 126.64 180.32
1777 72.8 126.87 180.45
1778 72.88 126.88 180.53
1779 72.9 126.88 180.58
1780 73 127.1 180.56
1781 72.91 127.19 180.45
1782 72.88 127.25 180.46
1783 72.72 127.28 180.53
1784 72.66 127.22 180.53
1785 72.59 127.03 180.17
1786 72.58 126.95 179.85
1787 72.59 126.8 179.52
1788 72.61 126.63 179.03
1789 72.46 126.34 179.05
1790 72.48 126.03 178.99
1791 72.47 125.76 178.77
1792 72.53 125.84 178.37
1793 72.58 125.82 177.84
1794 72.48 125.46 177.51
1795 72.51 125 177.35
1796 72.53 124.48 177.07
1797 72.6 124.59 176.78
1798 72.61 124.97 176.81
1799 72.75 125.13 176.94
1800 72.94 125.69 177.37
1801 73.15 126.19 177.65
1802 73.2 126.9 177.93
1803 73.25 127.03 177.91
1804 73.17 126.57 177.85
1805 73.17 125.93 177.73
1806 73.15 125.42 177.62
1807 73.17 125.18 177.6
1808 73.16 124.94 177.45
1809 73.16 124.84 177.49
1810 73.14 125.32 177.4
1811 72.98 126.18 177.47
1812 72.82 127.12 177.23
1813 72.68 127.67 176.99
1814 72.63 127.84 176.72
1815 72.73 128.03 176.45
1816 72.71 128.13 176.41
1817 72.7 128.13 176.51
1818 72.75 128.3 176.34
1819 72.77 128.76 176.53
1820 72.91 129.41 176.97
1821 72.85 129.6 177.45
1822 72.75 129.69 177.73
1823 72.76 129.38 178.06
1824 72.86 128.98 178.42
1825 72.91 128.36 178.59
1826 72.97 128.37 178.78
1827 72.94 128.86 178.93
1828 73.03 129 179.13
1829 73.1 129.09 179.17
1830 72.99 129.37 179.13
1831 72.94 129.32 178.88
1832 72.9 129.71 178.83
1833 73.01 130.18 178.9
1834 73.03 130.37 178.97
1835 73.06 130.48 179.18
1836 73.2 130.39 179.13
1837 73.18 130.21 178.93
1838 73.06 129.75 178.95
1839 72.99 129.1 179.08
1840 72.86 129.03 179.25
1841 72.81 129.39 179.13
1842 72.76 129.89 178.89
1843 72.79 130.2 178.85
1844 72.68 129.63 178.96
1845 72.58 128.14 179.11
1846 72.71 127.33 178.73
1847 72.57 126.82 178.12
1848 72.27 126.25 177.91
1849 72.11 125.66 177.88
1850 72.07 125.05 177.4
1851 71.92 124.73 176.75
1852 71.94 124.64 176.38
1853 71.97 124.28 176.03
1854 71.95 124.12 175.73
1855 72.01 123.93 175.43
1856 72.04 123.81 175.25
1857 72.17 123.72 175.27
1858 72.26 123.45 175.19
1859 72.35 123.3 175.13
1860 72.39 123.35 174.97
1861 72.34 123.33 174.84
1862 72.28 123.41 174.7
1863 72.34 123.26 174.65
1864 72.41 123.28 174.6
1865 72.48 123.42 174.5
1866 72.53 123.63 174.43
1867 72.52 123.82 174.52
1868 72.58 123.67 174.42
1869 72.51 123.51 174.38
1870 72.4 123.4 174.39
1871 72.35 123.18 174.51
1872 72.55 123.22 174.55
1873 72.7 123.29 174.39
1874 72.62 123.28 174.18
1875 72.52 123.17 174.22
1876 72.52 122.94 174.2
1877 72.49 122.83 174.06
1878 72.53 122.8 174
1879 72.65 122.95 174.26
1880 72.88 123.44 174.58
1881 72.97 124.03 174.87
1882 73.03 124.43 175.13
1883 72.93 124.73 175.42
1884 72.82 124.83 175.72
1885 72.8 124.88 175.9
1886 72.63 124.9 176.04
1887 72.54 124.92 176.05
1888 72.47 125.05 176.26
1889 72.47 125.03 176.39
1890 72.45 125.17 176.46
1891 72.55 125.28 176.6
1892 72.58 125.42 176.52
1893 72.58 125.42 176.4
1894 72.41 125.51 176.73
1895 72.5 125.53 177.16
1896 72.67 125.52 177.33
1897 72.62 125.65 177.23
1898 72.61 125.87 177.4
1899 72.53 125.97 177.58
1900 72.43 125.88 177.77
1901 72.36 125.86 177.77
1902 72.49 126.12 177.79
1903 72.51 126.36 177.88
1904 72.47 126.45 177.89
1905 72.34 126.42 177.98
1906 72.45 126.51 177.95
1907 72.45 126.72 177.82
1908 72.49 126.69 177.73
1909 72.54 127.09 177.72
1910 72.42 127.15 177.73
1911 72.26 126.97 177.84
1912 72.22 126.77 177.92
1913 72.21 126.63 177.95
1914 72.29 126.37 177.83
1915 72.34 126.44 177.27
1916 72.02 125.88 176.3
1917 71.71 125.11 175.79
1918 71.53 124.47 175.48
1919 71.42 124.04 175.09
1920 71.45 123.6 174.74
1921 71.51 123.13 174.45
1922 71.62 123.14 174.5
1923 71.64 122.87 174.53
1924 71.7 122.89 174.4
1925 71.56 122.53 173.82
1926 71.2 122.04 173.62
1927 71.29 121.72 174.02
1928 71.73 121.7 174.13
1929 71.92 122.28 174.25
1930 72.01 122.74 174.32
1931 71.96 123.32 174.65
1932 71.95 123.53 174.99
1933 71.96 123.77 175.12
1934 71.9 124 175.07
1935 71.92 124.38 174.97
1936 71.98 124.57 174.96
1937 71.95 124.39 174.88
1938 72.01 124.3 174.85
1939 72.13 124.19 174.78
1940 72.1 124.05 174.77
1941 72.08 123.99 174.92
1942 72.18 124.34 175.09
1943 72.33 124.59 175.28
1944 72.41 124.91 175.56
1945 72.32 124.98 175.64
1946 72.03 124.4 175.39
1947 71.97 124 175.01
1948 72.03 123.78 174.67
1949 72.1 123.48 174.28
1950 72.04 123.63 174.14
1951 72.31 123.96 174.71
1952 72.4 124.32 175.09
1953 72.59 124.61 175.73
1954 72.73 124.67 176.42
1955 72.77 125.11 177.1
1956 72.8 125.57 177.72
1957 72.72 125.75 178.17
1958 72.7 125.81 178.32
1959 72.77 125.5 178.41
1960 72.85 125.61 178.53
1961 72.89 125.77 178.66
1962 72.88 125.72 178.73
1963 72.87 125.85 178.66
1964 72.66 125.83 178.64
1965 72.79 125.79 178.88
1966 72.93 125.81 178.73
1967 72.87 126.02 178.63
1968 72.85 126.2 178.78
1969 72.89 126.11 178.78
1970 72.99 126.13 178.65
1971 73.03 126.28 178.6
1972 72.97 126.15 178.68
1973 72.89 126.13 178.77
1974 72.92 126.14 178.81
1975 72.93 126.28 178.8
1976 72.95 126.34 178.72
1977 72.89 126.21 178.57
1978 72.77 126.16 178.72
1979 72.92 126.02 178.77
1980 72.92 125.96 178.73
1981 72.86 126.07 178.74
1982 72.98 125.98 178.63
1983 73.01 126.1 178.5
1984 73.1 126.12 178.65
1985 73.14 126.18 178.71
1986 73.17 126.34 178.68
1987 73.19 126.3 178.5
1988 73.34 126.51 178.42
1989 73.51 126.99 177.58
1990 73.07 126.82 177.59
1991 72.74 126.19 179.2
1992 73.18 125.82 179.15
1993 73.62 126.71 177.59
1994 73.83 127.03 177.5
1995 73.47 126.24 178.14
1996 73.23 125.35 178.05
1997 73.24 124.98 177.62
1998 73.54 125.03 177.56
1999 73.87 125.23 177.68
2000 74.02 125.38 177.77
2001 74.08 125.3 177.88
2002 74.07 125.11 177.82
2003 74.13 124.89 177.62
2004 74.03 124.83 177.1
2005 73.8 124.62 176.84
2006 73.73 124.22 176.52
2007 73.58 124.24 175.82
2008 73.56 125.03 175.4
2009 73.47 125.35 175.13
2010 73.12 125.08 174.83
2011 72.87 125.13 174.42
2012 72.73 125.35 174.2
2013 72.62 124.86 174.02
2014 72.68 124.51 173.8
2015 72.66 125.28 173.73
2016 72.16 126.27 174.3
2017 72.74 126.34 174.63
2018 72.94 126.71 174.82
2019 73.28 127.45 175.29
2020 73.37 128.23 175.85
2021 73.29 128.43 176.35
2022 73.28 128.94 176.87
2023 73.31 129.32 177.19
2024 73.33 129.48 177.47
2025 73.42 129.22 177.67
2026 73.52 128.85 177.66
2027 73.6 128.46 177.84
2028 73.46 127.77 177.97
2029 73.37 128.17 178.13
2030 73.22 128.83 178
2031 73.21 129.11 177.98
2032 73.29 128.97 178.18
2033 73.28 128.96 178.3
2034 73.37 129.6 178.43
2035 73.41 130.03 178.34
2036 73.33 130.44 178.23
2037 73.28 130.45 178.47
2038 73.21 130.48 178.36
2039 73.08 130.5 178.23
2040 73.07 130.66 178.23
2041 73.12 130.83 178.22
2042 73.12 130.89 178.12
2043 73.02 130.93 177.98
2044 72.95 130.68 177.97
2045 72.83 130.31 177.84
2046 72.81 130.27 177.57
2047 72.84 130.41 177.4
2048 72.72 130.5 177.42
2049 72.74 130.38 177.35
2050 72.71 130.28 177.11
2051 72.67 130.33 176.92
2052 72.65 130.32 176.8
2053 72.53 130.17 176.69
2054 72.41 130.02 176.52
2055 72.33 129.83 176.33
2056 72.23 129.65 176.16
2057 72.14 129.39 176
2058 72.18 129.35 175.67
2059 72.02 129.24 175.28
2060 71.9 129.04 175.28
2061 71.82 128.71 175.22
2062 71.78 128.48 175.1
2063 71.86 128.46 175.02
2064 71.94 128.41 174.94
2065 71.88 128.13 175.03
2066 71.91 127.88 174.95
2067 71.91 127.56 174.8
2068 71.92 127.19 174.87
2069 71.98 126.87 174.8
2070 71.98 126.69 174.6
2071 72.07 126.22 174.03
2072 71.95 126.45 174.04
2073 72.03 126.02 174.59
2074 72.16 126.02 174.51
2075 72.17 126.52 174.29
2076 72.25 126.82 174.67
2077 72.31 126.84 175.55
2078 72.58 126.89 175.9
2079 72.76 127.13 175.92
2080 73.01 127.63 176.07
2081 73.03 128.04 176.24
2082 72.95 128.27 176.25
2083 72.72 128.17 176.25
2084 72.67 128.17 176.23
2085 72.7 128.23 176.11
2086 72.73 128.37 176.04
2087 72.68 128.52 175.98
